# Generated by: CFG Studio 2.0.380
# Generated on: 2023-04-26 17:41:32
# File format: GTASA water.dat
processed
-1584.0 -1826.0 0.00000 0.00000 0.00000 0.01 0.01 -1360.0 -1826.0 0.00000 0.00000 0.00000 0.01 0.01 -1584.0 -1642.0 0.00000 0.00000 0.00000 0.01 0.01 -1360.0 -1642.0 0.00000 0.00000 0.00000 0.01 0.01 1
-3000.0 354.0 0.00000 0.00000 0.00000 0.02 0.02 -2832.0 354.0 0.00000 0.00000 0.00000 0.02 0.02 -3000.0 2942.0 0.00000 0.00000 0.00000 0.02 0.02 -2832.0 2942.0 0.00000 0.00000 0.00000 0.02 0.02 1
-2832.0 1296.0 0.00000 0.00000 0.00000 0.03 0.03 -2704.0 1296.0 0.00000 0.00000 0.00000 0.03 0.03 -2832.0 2192.0 0.00000 0.00000 0.00000 0.03 0.03 -2704.0 2192.0 0.00000 0.00000 0.00000 0.03 0.03 1
-2704.0 1360.0 0.00000 0.00000 0.00000 0.04 0.04 -2240.0 1360.0 0.00000 0.00000 0.00000 0.04 0.04 -2704.0 2224.0 0.00000 0.00000 0.00000 0.04 0.04 -2240.0 2224.0 0.00000 0.00000 0.00000 0.04 0.04 1
-2240.0 1432.0 0.00000 0.00000 0.00000 0.05 0.05 -2000.0 1432.0 0.00000 0.00000 0.00000 0.05 0.05 -2240.0 2224.0 0.00000 0.00000 0.00000 0.05 0.05 -2000.0 2224.0 0.00000 0.00000 0.00000 0.05 0.05 1
-2064.0 1312.0 0.00000 0.00000 0.00000 0.06 0.06 -2000.0 1312.0 0.00000 0.00000 0.00000 0.06 0.06 -2064.0 1432.0 0.00000 0.00000 0.00000 0.06 0.06 -2000.0 1432.0 0.00000 0.00000 0.00000 0.06 0.06 1
-2000.0 1392.0 0.00000 0.00000 0.00000 0.07 0.07 -1712.0 1392.0 0.00000 0.00000 0.00000 0.07 0.07 -2000.0 1792.0 0.00000 0.00000 0.00000 0.07 0.07 -1712.0 1792.0 0.00000 0.00000 0.00000 0.07 0.07 1
-2000.0 1792.0 0.00000 0.00000 0.00000 0.08 0.08 -1724.0 1792.0 0.00000 0.00000 0.00000 0.08 0.08 -2000.0 2016.0 0.00000 0.00000 0.00000 0.08 0.08 -1724.0 2016.0 0.00000 0.00000 0.00000 0.08 0.08 1
-2000.0 2016.0 0.00000 0.00000 0.00000 0.09 0.09 -1836.0 2016.0 0.00000 0.00000 0.00000 0.09 0.09 -2000.0 2176.0 0.00000 0.00000 0.00000 0.09 0.09 -1836.0 2176.0 0.00000 0.00000 0.00000 0.09 0.09 1
-2000.0 2176.0 0.00000 0.00000 0.00000 0.10 0.10 -1920.0 2176.0 0.00000 0.00000 0.00000 0.10 0.10 -2000.0 2224.0 0.00000 0.00000 0.00000 0.10 0.10 -1920.0 2224.0 0.00000 0.00000 0.00000 0.10 0.10 1
-2208.0 2224.0 0.00000 0.00000 0.00000 0.11 0.11 -2000.0 2224.0 0.00000 0.00000 0.00000 0.11 0.11 -2208.0 2432.0 0.00000 0.00000 0.00000 0.11 0.11 -2000.0 2432.0 0.00000 0.00000 0.00000 0.11 0.11 1
-2208.0 2432.0 0.00000 0.00000 0.00000 0.13 0.13 -2000.0 2432.0 0.00000 0.00000 0.00000 0.13 0.13 -2208.0 2576.0 0.00000 0.00000 0.00000 0.13 0.13 -2000.0 2576.0 0.00000 0.00000 0.00000 0.13 0.13 1
-2352.0 2448.0 0.00000 0.00000 0.00000 0.14 0.14 -2208.0 2448.0 0.00000 0.00000 0.00000 0.14 0.14 -2352.0 2576.0 0.00000 0.00000 0.00000 0.14 0.14 -2208.0 2576.0 0.00000 0.00000 0.00000 0.14 0.14 1
-2312.0 2344.0 0.00000 0.00000 0.00000 0.15 0.15 -2208.0 2344.0 0.00000 0.00000 0.00000 0.15 0.15 -2312.0 2448.0 0.00000 0.00000 0.00000 0.15 0.15 -2208.0 2448.0 0.00000 0.00000 0.00000 0.15 0.15 1
-1712.0 1360.0 0.00000 0.00000 0.00000 0.16 0.16 -1600.0 1360.0 0.00000 0.00000 0.00000 0.16 0.16 -1712.0 1792.0 0.00000 0.00000 0.00000 0.16 0.16 -1600.0 1792.0 0.00000 0.00000 0.00000 0.16 0.16 1
-1664.0 1280.0 0.00000 0.00000 0.00000 0.17 0.17 -1600.0 1280.0 0.00000 0.00000 0.00000 0.17 0.17 -1664.0 1360.0 0.00000 0.00000 0.00000 0.17 0.17 -1600.0 1360.0 0.00000 0.00000 0.00000 0.17 0.17 1
-1600.0 1280.0 0.00000 0.00000 0.00000 0.18 0.18 -1440.0 1280.0 0.00000 0.00000 0.00000 0.18 0.18 -1600.0 1696.0 0.00000 0.00000 0.00000 0.18 0.18 -1440.0 1696.0 0.00000 0.00000 0.00000 0.18 0.18 1
-1600.0 1696.0 0.00000 0.00000 0.00000 0.19 0.19 -1488.0 1696.0 0.00000 0.00000 0.00000 0.19 0.19 -1600.0 1744.0 0.00000 0.00000 0.00000 0.19 0.19 -1488.0 1744.0 0.00000 0.00000 0.00000 0.19 0.19 1
-1440.0 1440.0 0.00000 0.00000 0.00000 0.21 0.21 -1232.0 1440.0 0.00000 0.00000 0.00000 0.21 0.21 -1440.0 1696.0 0.00000 0.00000 0.00000 0.21 0.21 -1232.0 1696.0 0.00000 0.00000 0.00000 0.21 0.21 1
-1232.0 1440.0 0.00000 0.00000 0.00000 0.22 0.22 -1136.0 1440.0 0.00000 0.00000 0.00000 0.22 0.22 -1232.0 1616.0 0.00000 0.00000 0.00000 0.22 0.22 -1136.0 1616.0 0.00000 0.00000 0.00000 0.22 0.22 1
-1440.0 1280.0 0.00000 0.00000 0.00000 0.23 0.23 -1136.0 1280.0 0.00000 0.00000 0.00000 0.23 0.23 -1440.0 1440.0 0.00000 0.00000 0.00000 0.23 0.23 -1136.0 1440.0 0.00000 0.00000 0.00000 0.23 0.23 1
-1136.0 1248.0 0.00000 0.00000 0.00000 0.24 0.24 -1104.0 1248.0 0.00000 0.00000 0.00000 0.24 0.24 -1136.0 1424.0 0.00000 0.00000 0.00000 0.24 0.24 -1104.0 1424.0 0.00000 0.00000 0.00000 0.24 0.24 1
-1520.0 1104.0 0.00000 0.00000 0.00000 0.25 0.25 -1104.0 1104.0 0.00000 0.00000 0.00000 0.25 0.25 -1520.0 1248.0 0.00000 0.00000 0.00000 0.25 0.25 -1104.0 1248.0 0.00000 0.00000 0.00000 0.25 0.25 1
-1520.0 1248.0 0.00000 0.00000 0.00000 0.26 0.26 -1136.0 1248.0 0.00000 0.00000 0.00000 0.26 0.26 -1520.0 1280.0 0.00000 0.00000 0.00000 0.26 0.26 -1136.0 1280.0 0.00000 0.00000 0.00000 0.26 0.26 1
-1600.0 1200.0 0.00000 0.00000 0.00000 0.27 0.27 -1520.0 1200.0 0.00000 0.00000 0.00000 0.27 0.27 -1600.0 1280.0 0.00000 0.00000 0.00000 0.27 0.27 -1520.0 1280.0 0.00000 0.00000 0.00000 0.27 0.27 1
-1104.0 944.0 0.00000 0.00000 0.00000 0.28 0.28 -932.0 944.0 0.00000 0.00000 0.00000 0.28 0.28 -1104.0 1136.0 0.00000 0.00000 0.00000 0.28 0.28 -932.0 1136.0 0.00000 0.00000 0.00000 0.28 0.28 1
-1424.0 944.0 0.00000 0.00000 0.00000 0.29 0.29 -1104.0 944.0 0.00000 0.00000 0.00000 0.29 0.29 -1424.0 1104.0 0.00000 0.00000 0.00000 0.29 0.29 -1104.0 1104.0 0.00000 0.00000 0.00000 0.29 0.29 1
-1520.0 1008.0 0.00000 0.00000 0.00000 0.30 0.30 -1424.0 1008.0 0.00000 0.00000 0.00000 0.30 0.30 -1520.0 1104.0 0.00000 0.00000 0.00000 0.30 0.30 -1424.0 1104.0 0.00000 0.00000 0.00000 0.30 0.30 1
-1424.0 784.0 0.00000 0.00000 0.00000 0.31 0.31 -896.0 784.0 0.00000 0.00000 0.00000 0.31 0.31 -1424.0 944.0 0.00000 0.00000 0.00000 0.31 0.31 -896.0 944.0 0.00000 0.00000 0.00000 0.31 0.31 1
-1488.0 560.0 0.00000 0.00000 0.00000 0.32 0.32 -896.0 560.0 0.00000 0.00000 0.00000 0.32 0.32 -1488.0 784.0 0.00000 0.00000 0.00000 0.32 0.32 -896.0 784.0 0.00000 0.00000 0.00000 0.32 0.32 1
-1536.0 560.0 0.00000 0.00000 0.00000 0.33 0.33 -1488.0 560.0 0.00000 0.00000 0.00000 0.33 0.33 -1536.0 672.0 0.00000 0.00000 0.00000 0.33 0.33 -1488.0 672.0 0.00000 0.00000 0.00000 0.33 0.33 1
-896.0 208.0 0.00000 0.00000 0.00000 0.32 0.32 -768.0 208.0 0.00000 0.00000 0.00000 0.32 0.32 -896.0 732.0 0.00000 0.00000 0.00000 0.32 0.32 -768.0 732.0 0.00000 0.00000 0.00000 0.32 0.32 1
-1600.0 208.0 0.00000 0.00000 0.00000 0.33 0.33 -896.0 208.0 0.00000 0.00000 0.00000 0.33 0.33 -1600.0 560.0 0.00000 0.00000 0.00000 0.33 0.33 -896.0 560.0 0.00000 0.00000 0.00000 0.33 0.33 1
-992.0 -144.0 0.00000 0.00000 0.00000 0.34 0.34 -912.0 -144.0 0.00000 0.00000 0.00000 0.34 0.34 -992.0 208.0 0.00000 0.00000 0.00000 0.34 0.34 -912.0 208.0 0.00000 0.00000 0.00000 0.34 0.34 1
-1748.0 -816.0 0.00000 0.00000 0.00000 0.35 0.35 -1180.0 -816.0 0.00000 0.00000 0.00000 0.35 0.35 -1748.0 -592.0 0.00000 0.00000 0.00000 0.35 0.35 -1180.0 -592.0 0.00000 0.00000 0.00000 0.35 0.35 1
-1458.0 -592.0 0.00000 0.00000 0.00000 0.36 0.36 -1054.0 -592.0 0.00000 0.00000 0.00000 0.36 0.36 -1458.0 -432.0 0.00000 0.00000 0.00000 0.36 0.36 -1054.0 -432.0 0.00000 0.00000 0.00000 0.36 0.36 1
-3000.0 -1186.0 0.00000 0.00000 0.00000 0.37 0.37 -2880.0 -1186.0 0.00000 0.00000 0.00000 0.37 0.37 -3000.0 -822.0 0.00000 0.00000 0.00000 0.37 0.37 -2880.0 -822.0 0.00000 0.00000 0.00000 0.37 0.37 1
-2880.0 -1168.0 0.00000 0.00000 0.00000 0.38 0.38 -2768.0 -1168.0 0.00000 0.00000 0.00000 0.38 0.38 -2880.0 -896.0 0.00000 0.00000 0.00000 0.38 0.38 -2768.0 -896.0 0.00000 0.00000 0.00000 0.38 0.38 1
-2768.0 -1106.0 0.00000 0.00000 0.00000 0.39 0.39 -2656.0 -1106.0 0.00000 0.00000 0.00000 0.39 0.39 -2768.0 -830.0 0.00000 0.00000 0.00000 0.39 0.39 -2656.0 -830.0 0.00000 0.00000 0.00000 0.39 0.39 1
-2656.0 -1024.0 0.00000 0.00000 0.00000 0.40 0.40 -2512.0 -1024.0 0.00000 0.00000 0.00000 0.40 0.40 -2656.0 -816.0 0.00000 0.00000 0.00000 0.40 0.40 -2512.0 -816.0 0.00000 0.00000 0.00000 0.40 0.40 1
-2512.0 -976.0 0.00000 0.00000 0.00000 0.41 0.41 -2400.0 -976.0 0.00000 0.00000 0.00000 0.41 0.41 -2512.0 -816.0 0.00000 0.00000 0.00000 0.41 0.41 -2400.0 -816.0 0.00000 0.00000 0.00000 0.41 0.41 1
-2400.0 -1056.0 0.00000 0.00000 0.00000 0.42 0.42 -2256.0 -1056.0 0.00000 0.00000 0.00000 0.42 0.42 -2400.0 -864.0 0.00000 0.00000 0.00000 0.42 0.42 -2256.0 -864.0 0.00000 0.00000 0.00000 0.42 0.42 1
-2256.0 -1198.0 0.00000 0.00000 0.00000 0.43 0.43 -2144.0 -1198.0 0.00000 0.00000 0.00000 0.43 0.43 -2256.0 -950.0 0.00000 0.00000 0.00000 0.43 0.43 -2144.0 -950.0 0.00000 0.00000 0.00000 0.43 0.43 1
-2144.0 -1408.0 0.00000 0.00000 0.00000 0.44 0.44 -2000.0 -1408.0 0.00000 0.00000 0.00000 0.44 0.44 -2144.0 -1072.0 0.00000 0.00000 0.00000 0.44 0.44 -2000.0 -1072.0 0.00000 0.00000 0.00000 0.44 0.44 1
-2000.0 -1536.0 0.00000 0.00000 0.00000 0.45 0.45 -1856.0 -1536.0 0.00000 0.00000 0.00000 0.45 0.45 -2000.0 -1280.0 0.00000 0.00000 0.00000 0.45 0.45 -1856.0 -1280.0 0.00000 0.00000 0.00000 0.45 0.45 1
-1856.0 -1648.0 0.00000 0.00000 0.00000 0.46 0.46 -1728.0 -1648.0 0.00000 0.00000 0.00000 0.46 0.46 -1856.0 -1440.0 0.00000 0.00000 0.00000 0.46 0.46 -1728.0 -1440.0 0.00000 0.00000 0.00000 0.46 0.46 1
-1728.0 -1728.0 0.00000 0.00000 0.00000 0.47 0.47 -1584.0 -1728.0 0.00000 0.00000 0.00000 0.47 0.47 -1728.0 -1520.0 0.00000 0.00000 0.00000 0.47 0.47 -1584.0 -1520.0 0.00000 0.00000 0.00000 0.47 0.47 1
-1360.0 -2052.0 0.00000 0.00000 0.00000 0.48 0.48 -1216.0 -2052.0 0.00000 0.00000 0.00000 0.48 0.48 -1360.0 -1696.0 0.00000 0.00000 0.00000 0.48 0.48 -1216.0 -1696.0 0.00000 0.00000 0.00000 0.48 0.48 1
-1440.0 -2110.0 0.00000 0.00000 0.00000 0.49 0.49 -1360.0 -2110.0 0.00000 0.00000 0.00000 0.49 0.49 -1440.0 -1950.0 0.00000 0.00000 0.00000 0.49 0.49 -1360.0 -1950.0 0.00000 0.00000 0.00000 0.49 0.49 1
-1484.0 -2180.0 0.00000 0.00000 0.00000 0.50 0.50 -1440.0 -2180.0 0.00000 0.00000 0.00000 0.50 0.50 -1484.0 -2036.0 0.00000 0.00000 0.00000 0.50 0.50 -1440.0 -2036.0 0.00000 0.00000 0.00000 0.50 0.50 1
-1572.0 -2352.0 0.00000 0.00000 0.00000 0.51 0.51 -1484.0 -2352.0 0.00000 0.00000 0.00000 0.51 0.51 -1572.0 -2096.0 0.00000 0.00000 0.00000 0.51 0.51 -1484.0 -2096.0 0.00000 0.00000 0.00000 0.51 0.51 1
-1216.0 -2208.0 0.00000 0.00000 0.00000 0.52 0.52 -1104.0 -2208.0 0.00000 0.00000 0.00000 0.52 0.52 -1216.0 -1864.0 0.00000 0.00000 0.00000 0.52 0.52 -1104.0 -1864.0 0.00000 0.00000 0.00000 0.52 0.52 1
-1232.0 -2304.0 0.00000 0.00000 0.00000 0.53 0.53 -1120.0 -2304.0 0.00000 0.00000 0.00000 0.53 0.53 -1232.0 -2208.0 0.00000 0.00000 0.00000 0.53 0.53 -1120.0 -2208.0 0.00000 0.00000 0.00000 0.53 0.53 1
-1270.0 -2480.0 0.00000 0.00000 0.00000 0.54 0.54 -1178.0 -2480.0 0.00000 0.00000 0.00000 0.54 0.54 -1270.0 -2304.0 0.00000 0.00000 0.00000 0.54 0.54 -1178.0 -2304.0 0.00000 0.00000 0.00000 0.54 0.54 1
-1260.0 -2560.0 0.00000 0.00000 0.00000 0.55 0.55 -1188.0 -2560.0 0.00000 0.00000 0.00000 0.55 0.55 -1260.0 -2480.0 0.00000 0.00000 0.00000 0.55 0.55 -1188.0 -2480.0 0.00000 0.00000 0.00000 0.55 0.55 1
-1262.0 -2640.0 0.00000 0.00000 0.00000 0.56 0.56 -1146.0 -2640.0 0.00000 0.00000 0.00000 0.56 0.56 -1262.0 -2560.0 0.00000 0.00000 0.00000 0.56 0.56 -1146.0 -2560.0 0.00000 0.00000 0.00000 0.56 0.56 1
-1216.0 -2752.0 0.00000 0.00000 0.00000 0.57 0.57 -1080.0 -2752.0 0.00000 0.00000 0.00000 0.57 0.57 -1216.0 -2640.0 0.00000 0.00000 0.00000 0.57 0.57 -1080.0 -2640.0 0.00000 0.00000 0.00000 0.57 0.57 1
-1200.0 -2896.0 0.00000 0.00000 0.00000 0.58 0.58 -928.0 -2896.0 0.00000 0.00000 0.00000 0.58 0.58 -1200.0 -2752.0 0.00000 0.00000 0.00000 0.58 0.58 -928.0 -2752.0 0.00000 0.00000 0.00000 0.58 0.58 1
-2016.0 -3000.0 0.00000 0.00000 0.00000 0.59 0.59 -1520.0 -3000.0 0.00000 0.00000 0.00000 0.59 0.59 -2016.0 -2704.0 0.00000 0.00000 0.00000 0.59 0.59 -1520.0 -2704.0 0.00000 0.00000 0.00000 0.59 0.59 1
-1520.0 -3000.0 0.00000 0.00000 0.00000 0.70 0.70 -1376.0 -3000.0 0.00000 0.00000 0.00000 0.70 0.70 -1520.0 -2894.0 0.00000 0.00000 0.00000 0.70 0.70 -1376.0 -2894.0 0.00000 0.00000 0.00000 0.70 0.70 1
-2256.0 -3000.0 0.00000 0.00000 0.00000 0.71 0.71 -2016.0 -3000.0 0.00000 0.00000 0.00000 0.71 0.71 -2256.0 -2772.0 0.00000 0.00000 0.00000 0.71 0.71 -2016.0 -2772.0 0.00000 0.00000 0.00000 0.71 0.71 1
-2448.0 -3000.0 0.00000 0.00000 0.00000 0.72 0.72 -2256.0 -3000.0 0.00000 0.00000 0.00000 0.72 0.72 -2448.0 -2704.0 0.00000 0.00000 0.00000 0.72 0.72 -2256.0 -2704.0 0.00000 0.00000 0.00000 0.72 0.72 1
-3000.0 -3000.0 0.00000 0.00000 0.00000 0.73 0.73 -2448.0 -3000.0 0.00000 0.00000 0.00000 0.73 0.73 -3000.0 -2704.0 0.00000 0.00000 0.00000 0.73 0.73 -2448.0 -2704.0 0.00000 0.00000 0.00000 0.73 0.73 1
-3000.0 -2704.0 0.00000 0.00000 0.00000 0.74 0.74 -2516.0 -2704.0 0.00000 0.00000 0.00000 0.74 0.74 -3000.0 -2576.0 0.00000 0.00000 0.00000 0.74 0.74 -2516.0 -2576.0 0.00000 0.00000 0.00000 0.74 0.74 1
-3000.0 -2576.0 0.00000 0.00000 0.00000 0.75 0.75 -2600.0 -2576.0 0.00000 0.00000 0.00000 0.75 0.75 -3000.0 -2448.0 0.00000 0.00000 0.00000 0.75 0.75 -2600.0 -2448.0 0.00000 0.00000 0.00000 0.75 0.75 1
-3000.0 -2448.0 0.00000 0.00000 0.00000 0.76 0.76 -2628.0 -2448.0 0.00000 0.00000 0.00000 0.76 0.76 -3000.0 -2144.0 0.00000 0.00000 0.00000 0.76 0.76 -2628.0 -2144.0 0.00000 0.00000 0.00000 0.76 0.76 1
-3000.0 -2144.0 0.00000 0.00000 0.00000 0.77 0.77 -2670.0 -2144.0 0.00000 0.00000 0.00000 0.77 0.77 -3000.0 -2032.0 0.00000 0.00000 0.00000 0.77 0.77 -2670.0 -2032.0 0.00000 0.00000 0.00000 0.77 0.77 1
-3000.0 -2032.0 0.00000 0.00000 0.00000 0.78 0.78 -2802.0 -2032.0 0.00000 0.00000 0.00000 0.78 0.78 -3000.0 -1904.0 0.00000 0.00000 0.00000 0.78 0.78 -2802.0 -1904.0 0.00000 0.00000 0.00000 0.78 0.78 1
-3000.0 -1904.0 0.00000 0.00000 0.00000 0.79 0.79 -2920.0 -1904.0 0.00000 0.00000 0.00000 0.79 0.79 -3000.0 -1376.0 0.00000 0.00000 0.00000 0.79 0.79 -2920.0 -1376.0 0.00000 0.00000 0.00000 0.79 0.79 1
-3000.0 -1376.0 0.00000 0.00000 0.00000 0.80 0.80 -2936.0 -1376.0 0.00000 0.00000 0.00000 0.80 0.80 -3000.0 -1186.0 0.00000 0.00000 0.00000 0.80 0.80 -2936.0 -1186.0 0.00000 0.00000 0.00000 0.80 0.80 1
-768.0 208.0 0.00000 0.00000 0.00000 0.81 0.81 -720.0 208.0 0.00000 0.00000 0.00000 0.81 0.81 -768.0 672.0 0.00000 0.00000 0.00000 0.81 0.81 -720.0 672.0 0.00000 0.00000 0.00000 0.81 0.81 1
-720.0 256.0 0.00000 0.00000 0.00000 0.82 0.82 -656.0 256.0 0.00000 0.00000 0.00000 0.82 0.82 -720.0 672.0 0.00000 0.00000 0.00000 0.82 0.82 -656.0 672.0 0.00000 0.00000 0.00000 0.82 0.82 1
-656.0 276.0 0.00000 0.00000 0.00000 0.83 0.83 -496.0 276.0 0.00000 0.00000 0.00000 0.83 0.83 -656.0 576.0 0.00000 0.00000 0.00000 0.83 0.83 -496.0 576.0 0.00000 0.00000 0.00000 0.83 0.83 1
-496.0 298.0 0.00000 0.00000 0.00000 0.84 0.84 -384.0 298.0 0.00000 0.00000 0.00000 0.84 0.84 -496.0 566.0 0.00000 0.00000 0.00000 0.84 0.84 -384.0 566.0 0.00000 0.00000 0.00000 0.84 0.84 1
-384.0 254.0 0.00000 0.00000 0.00000 0.85 0.85 -224.0 254.0 0.00000 0.00000 0.00000 0.85 0.85 -384.0 530.0 0.00000 0.00000 0.00000 0.85 0.85 -224.0 530.0 0.00000 0.00000 0.00000 0.85 0.85 1
-224.0 212.0 0.00000 0.00000 0.00000 0.86 0.86 -64.0 212.0 0.00000 0.00000 0.00000 0.86 0.86 -224.0 528.0 0.00000 0.00000 0.00000 0.86 0.86 -64.0 528.0 0.00000 0.00000 0.00000 0.86 0.86 1
-64.0 140.0 0.00000 0.00000 0.00000 0.87 0.87 64.0 140.0 0.00000 0.00000 0.00000 0.87 0.87 -64.0 544.0 0.00000 0.00000 0.00000 0.87 0.87 64.0 544.0 0.00000 0.00000 0.00000 0.87 0.87 1
64.0 140.0 0.00000 0.00000 0.00000 0.88 0.88 304.0 140.0 0.00000 0.00000 0.00000 0.88 0.88 64.0 544.0 0.00000 0.00000 0.00000 0.88 0.88 304.0 544.0 0.00000 0.00000 0.00000 0.88 0.88 1
120.0 544.0 0.00000 0.00000 0.00000 0.89 0.89 304.0 544.0 0.00000 0.00000 0.00000 0.89 0.89 120.0 648.0 0.00000 0.00000 0.00000 0.89 0.89 304.0 648.0 0.00000 0.00000 0.00000 0.89 0.89 1
304.0 164.0 0.00000 0.00000 0.00000 0.90 0.90 384.0 164.0 0.00000 0.00000 0.00000 0.90 0.90 304.0 608.0 0.00000 0.00000 0.00000 0.90 0.90 384.0 608.0 0.00000 0.00000 0.00000 0.90 0.90 1
384.0 222.0 0.00000 0.00000 0.00000 0.91 0.91 464.0 222.0 0.00000 0.00000 0.00000 0.91 0.91 384.0 630.0 0.00000 0.00000 0.00000 0.91 0.91 464.0 630.0 0.00000 0.00000 0.00000 0.91 0.91 1
464.0 304.0 0.00000 0.00000 0.00000 0.92 0.92 544.0 304.0 0.00000 0.00000 0.00000 0.92 0.92 464.0 656.0 0.00000 0.00000 0.00000 0.92 0.92 544.0 656.0 0.00000 0.00000 0.00000 0.92 0.92 1
544.0 362.0 0.00000 0.00000 0.00000 0.93 0.93 800.0 362.0 0.00000 0.00000 0.00000 0.93 0.93 544.0 646.0 0.00000 0.00000 0.00000 0.93 0.93 800.0 646.0 0.00000 0.00000 0.00000 0.93 0.93 1
800.0 432.0 0.00000 0.00000 0.00000 0.94 0.94 944.0 432.0 0.00000 0.00000 0.00000 0.94 0.94 800.0 704.0 0.00000 0.00000 0.00000 0.94 0.94 944.0 704.0 0.00000 0.00000 0.00000 0.94 0.94 1
944.0 480.0 0.00000 0.00000 0.00000 0.95 0.95 976.0 480.0 0.00000 0.00000 0.00000 0.95 0.95 944.0 720.0 0.00000 0.00000 0.00000 0.95 0.95 976.0 720.0 0.00000 0.00000 0.00000 0.95 0.95 1
976.0 528.0 0.00000 0.00000 0.00000 0.96 0.96 1040.0 528.0 0.00000 0.00000 0.00000 0.96 0.96 976.0 704.0 0.00000 0.00000 0.00000 0.96 0.96 1040.0 704.0 0.00000 0.00000 0.00000 0.96 0.96 1
1040.0 560.0 0.00000 0.00000 0.00000 0.97 0.97 1280.0 560.0 0.00000 0.00000 0.00000 0.97 0.97 1040.0 672.0 0.00000 0.00000 0.00000 0.97 0.97 1280.0 672.0 0.00000 0.00000 0.00000 0.97 0.97 1
1280.0 480.0 0.00000 0.00000 0.00000 0.98 0.98 1472.0 480.0 0.00000 0.00000 0.00000 0.98 0.98 1280.0 640.0 0.00000 0.00000 0.00000 0.98 0.98 1472.0 640.0 0.00000 0.00000 0.00000 0.98 0.98 1
1472.0 432.0 0.00000 0.00000 0.00000 0.99 0.99 1616.0 432.0 0.00000 0.00000 0.00000 0.99 0.99 1472.0 640.0 0.00000 0.00000 0.00000 0.99 0.99 1616.0 640.0 0.00000 0.00000 0.00000 0.99 0.99 1
1616.0 416.0 0.00000 0.00000 0.00000 1.00 1.00 1824.0 416.0 0.00000 0.00000 0.00000 1.00 1.00 1616.0 608.0 0.00000 0.00000 0.00000 1.00 1.00 1824.0 608.0 0.00000 0.00000 0.00000 1.00 1.00 1
1824.0 400.0 0.00000 0.00000 0.00000 0.01 0.01 2160.0 400.0 0.00000 0.00000 0.00000 0.01 0.01 1824.0 576.0 0.00000 0.00000 0.00000 0.01 0.01 2160.0 576.0 0.00000 0.00000 0.00000 0.01 0.01 1
2160.0 400.0 0.00000 0.00000 0.00000 0.02 0.02 2432.0 400.0 0.00000 0.00000 0.00000 0.02 0.02 2160.0 512.0 0.00000 0.00000 0.00000 0.02 0.02 2432.0 512.0 0.00000 0.00000 0.00000 0.02 0.02 1
2432.0 368.0 0.00000 0.00000 0.00000 0.03 0.03 2560.0 368.0 0.00000 0.00000 0.00000 0.03 0.03 2432.0 544.0 0.00000 0.00000 0.00000 0.03 0.03 2560.0 544.0 0.00000 0.00000 0.00000 0.03 0.03 1
2560.0 336.0 0.00000 0.00000 0.00000 0.04 0.04 2720.0 336.0 0.00000 0.00000 0.00000 0.04 0.04 2560.0 576.0 0.00000 0.00000 0.00000 0.04 0.04 2720.0 576.0 0.00000 0.00000 0.00000 0.04 0.04 1
2720.0 196.0 0.00000 0.00000 0.00000 0.05 0.05 2816.0 196.0 0.00000 0.00000 0.00000 0.05 0.05 2720.0 560.0 0.00000 0.00000 0.00000 0.05 0.05 2816.0 560.0 0.00000 0.00000 0.00000 0.05 0.05 1
2816.0 160.0 0.00000 0.00000 0.00000 0.06 0.06 3000.0 160.0 0.00000 0.00000 0.00000 0.06 0.06 2816.0 576.0 0.00000 0.00000 0.00000 0.06 0.06 3000.0 576.0 0.00000 0.00000 0.00000 0.06 0.06 1
2860.0 -80.0 0.00000 0.00000 0.00000 0.07 0.07 3000.0 -80.0 0.00000 0.00000 0.00000 0.07 0.07 2860.0 160.0 0.00000 0.00000 0.00000 0.07 0.07 3000.0 160.0 0.00000 0.00000 0.00000 0.07 0.07 1
-1376.0 -3000.0 0.00000 0.00000 0.00000 0.08 0.08 -544.0 -3000.0 0.00000 0.00000 0.00000 0.08 0.08 -1376.0 -2896.0 0.00000 0.00000 0.00000 0.08 0.08 -544.0 -2896.0 0.00000 0.00000 0.00000 0.08 0.08 1
-928.0 -2896.0 0.00000 0.00000 0.00000 0.09 0.09 -544.0 -2896.0 0.00000 0.00000 0.00000 0.09 0.09 -928.0 -2800.0 0.00000 0.00000 0.00000 0.09 0.09 -544.0 -2800.0 0.00000 0.00000 0.00000 0.09 0.09 1
-544.0 -3000.0 0.00000 0.00000 0.00000 0.10 0.10 -320.0 -3000.0 0.00000 0.00000 0.00000 0.10 0.10 -544.0 -2824.0 0.00000 0.00000 0.00000 0.10 0.10 -320.0 -2824.0 0.00000 0.00000 0.00000 0.10 0.10 1
-320.0 -3000.0 0.00000 0.00000 0.00000 0.11 0.11 -192.0 -3000.0 0.00000 0.00000 0.00000 0.11 0.11 -320.0 -2876.0 0.00000 0.00000 0.00000 0.11 0.11 -192.0 -2876.0 0.00000 0.00000 0.00000 0.11 0.11 1
-192.0 -3000.0 0.00000 0.00000 0.00000 0.13 0.13 160.0 -3000.0 0.00000 0.00000 0.00000 0.13 0.13 -192.0 -2920.0 0.00000 0.00000 0.00000 0.13 0.13 160.0 -2920.0 0.00000 0.00000 0.00000 0.13 0.13 1
-128.0 -2920.0 0.00000 0.00000 0.00000 0.14 0.14 160.0 -2920.0 0.00000 0.00000 0.00000 0.14 0.14 -128.0 -2872.0 0.00000 0.00000 0.00000 0.14 0.14 160.0 -2872.0 0.00000 0.00000 0.00000 0.14 0.14 1
-60.0 -2872.0 0.00000 0.00000 0.00000 0.15 0.15 160.0 -2872.0 0.00000 0.00000 0.00000 0.15 0.15 -60.0 -2816.0 0.00000 0.00000 0.00000 0.15 0.15 160.0 -2816.0 0.00000 0.00000 0.00000 0.15 0.15 1
-4.0 -2816.0 0.00000 0.00000 0.00000 0.16 0.16 160.0 -2816.0 0.00000 0.00000 0.00000 0.16 0.16 -4.0 -2672.0 0.00000 0.00000 0.00000 0.16 0.16 160.0 -2672.0 0.00000 0.00000 0.00000 0.16 0.16 1
40.0 -2672.0 0.00000 0.00000 0.00000 0.17 0.17 160.0 -2672.0 0.00000 0.00000 0.00000 0.17 0.17 40.0 -2256.0 0.00000 0.00000 0.00000 0.17 0.17 160.0 -2256.0 0.00000 0.00000 0.00000 0.17 0.17 1
16.0 -2560.0 0.00000 0.00000 0.00000 0.18 0.18 40.0 -2560.0 0.00000 0.00000 0.00000 0.18 0.18 16.0 -2256.0 0.00000 0.00000 0.00000 0.18 0.18 40.0 -2256.0 0.00000 0.00000 0.00000 0.18 0.18 1
-32.0 -2440.0 0.00000 0.00000 0.00000 0.19 0.19 16.0 -2440.0 0.00000 0.00000 0.00000 0.19 0.19 -32.0 -2256.0 0.00000 0.00000 0.00000 0.19 0.19 16.0 -2256.0 0.00000 0.00000 0.00000 0.19 0.19 1
-32.0 -2488.0 0.00000 0.00000 0.00000 0.21 0.21 16.0 -2488.0 0.00000 0.00000 0.00000 0.21 0.21 -32.0 -2440.0 0.00000 0.00000 0.00000 0.21 0.21 16.0 -2440.0 0.00000 0.00000 0.00000 0.21 0.21 1
-96.0 -2440.0 0.00000 0.00000 0.00000 0.22 0.22 -32.0 -2440.0 0.00000 0.00000 0.00000 0.22 0.22 -96.0 -2256.0 0.00000 0.00000 0.00000 0.22 0.22 -32.0 -2256.0 0.00000 0.00000 0.00000 0.22 0.22 1
-168.0 -2384.0 0.00000 0.00000 0.00000 0.23 0.23 -96.0 -2384.0 0.00000 0.00000 0.00000 0.23 0.23 -168.0 -2256.0 0.00000 0.00000 0.00000 0.23 0.23 -96.0 -2256.0 0.00000 0.00000 0.00000 0.23 0.23 1
-224.0 -2256.0 0.00000 0.00000 0.00000 0.24 0.24 160.0 -2256.0 0.00000 0.00000 0.00000 0.24 0.24 -224.0 -2080.0 0.00000 0.00000 0.00000 0.24 0.24 160.0 -2080.0 0.00000 0.00000 0.00000 0.24 0.24 1
-248.0 -2080.0 0.00000 0.00000 0.00000 0.25 0.25 160.0 -2080.0 0.00000 0.00000 0.00000 0.25 0.25 -248.0 -1968.0 0.00000 0.00000 0.00000 0.25 0.25 160.0 -1968.0 0.00000 0.00000 0.00000 0.25 0.25 1
-280.0 -1968.0 0.00000 0.00000 0.00000 0.26 0.26 -128.0 -1968.0 0.00000 0.00000 0.00000 0.26 0.26 -280.0 -1824.0 0.00000 0.00000 0.00000 0.26 0.26 -128.0 -1824.0 0.00000 0.00000 0.00000 0.26 0.26 1
-264.0 -2016.0 0.00000 0.00000 0.00000 0.27 0.27 -248.0 -2016.0 0.00000 0.00000 0.00000 0.27 0.27 -264.0 -1968.0 0.00000 0.00000 0.00000 0.27 0.27 -248.0 -1968.0 0.00000 0.00000 0.00000 0.27 0.27 1
-264.0 -1824.0 0.00000 0.00000 0.00000 0.28 0.28 -128.0 -1824.0 0.00000 0.00000 0.00000 0.28 0.28 -264.0 -1640.0 0.00000 0.00000 0.00000 0.28 0.28 -128.0 -1640.0 0.00000 0.00000 0.00000 0.28 0.28 1
-128.0 -1768.0 0.00000 0.00000 0.00000 0.29 0.29 124.0 -1768.0 0.00000 0.00000 0.00000 0.29 0.29 -128.0 -1648.0 0.00000 0.00000 0.00000 0.29 0.29 124.0 -1648.0 0.00000 0.00000 0.00000 0.29 0.29 1
-128.0 -1792.0 0.00000 0.00000 0.00000 0.30 0.30 140.0 -1792.0 0.00000 0.00000 0.00000 0.30 0.30 -128.0 -1768.0 0.00000 0.00000 0.00000 0.30 0.30 140.0 -1768.0 0.00000 0.00000 0.00000 0.30 0.30 1
-128.0 -1968.0 0.00000 0.00000 0.00000 0.31 0.31 148.0 -1968.0 0.00000 0.00000 0.00000 0.31 0.31 -128.0 -1792.0 0.00000 0.00000 0.00000 0.31 0.31 148.0 -1792.0 0.00000 0.00000 0.00000 0.31 0.31 1
160.0 -2128.0 0.00000 0.00000 0.00000 0.32 0.32 592.0 -2128.0 0.00000 0.00000 0.00000 0.32 0.32 160.0 -1976.0 0.00000 0.00000 0.00000 0.32 0.32 592.0 -1976.0 0.00000 0.00000 0.00000 0.32 0.32 1
480.0 -1976.0 0.00000 0.00000 0.00000 0.33 0.33 592.0 -1976.0 0.00000 0.00000 0.00000 0.33 0.33 480.0 -1896.0 0.00000 0.00000 0.00000 0.33 0.33 592.0 -1896.0 0.00000 0.00000 0.00000 0.33 0.33 1
352.0 -1976.0 0.00000 0.00000 0.00000 0.32 0.32 480.0 -1976.0 0.00000 0.00000 0.00000 0.32 0.32 352.0 -1896.0 0.00000 0.00000 0.00000 0.32 0.32 480.0 -1896.0 0.00000 0.00000 0.00000 0.32 0.32 1
232.0 -1976.0 0.00000 0.00000 0.00000 0.33 0.33 352.0 -1976.0 0.00000 0.00000 0.00000 0.33 0.33 232.0 -1880.0 0.00000 0.00000 0.00000 0.33 0.33 352.0 -1880.0 0.00000 0.00000 0.00000 0.33 0.33 1
160.0 -1976.0 0.00000 0.00000 0.00000 0.34 0.34 232.0 -1976.0 0.00000 0.00000 0.00000 0.34 0.34 160.0 -1872.0 0.00000 0.00000 0.00000 0.34 0.34 232.0 -1872.0 0.00000 0.00000 0.00000 0.34 0.34 1
160.0 -2784.0 0.00000 0.00000 0.00000 0.35 0.35 592.0 -2784.0 0.00000 0.00000 0.00000 0.35 0.35 160.0 -2128.0 0.00000 0.00000 0.00000 0.35 0.35 592.0 -2128.0 0.00000 0.00000 0.00000 0.35 0.35 1
160.0 -3000.0 0.00000 0.00000 0.00000 0.36 0.36 592.0 -3000.0 0.00000 0.00000 0.00000 0.36 0.36 160.0 -2784.0 0.00000 0.00000 0.00000 0.36 0.36 592.0 -2784.0 0.00000 0.00000 0.00000 0.36 0.36 1
352.0 -1896.0 0.00000 0.00000 0.00000 0.37 0.37 544.0 -1896.0 0.00000 0.00000 0.00000 0.37 0.37 352.0 -1864.0 0.00000 0.00000 0.00000 0.37 0.37 544.0 -1864.0 0.00000 0.00000 0.00000 0.37 0.37 1
592.0 -2112.0 0.00000 0.00000 0.00000 0.38 0.38 976.0 -2112.0 0.00000 0.00000 0.00000 0.38 0.38 592.0 -1896.0 0.00000 0.00000 0.00000 0.38 0.38 976.0 -1896.0 0.00000 0.00000 0.00000 0.38 0.38 1
736.0 -1896.0 0.00000 0.00000 0.00000 0.39 0.39 904.0 -1896.0 0.00000 0.00000 0.00000 0.39 0.39 736.0 -1864.0 0.00000 0.00000 0.00000 0.39 0.39 904.0 -1864.0 0.00000 0.00000 0.00000 0.39 0.39 1
704.0 -1896.0 0.00000 0.00000 0.00000 0.40 0.40 736.0 -1896.0 0.00000 0.00000 0.00000 0.40 0.40 704.0 -1728.0 0.00000 0.00000 0.00000 0.40 0.40 736.0 -1728.0 0.00000 0.00000 0.00000 0.40 0.40 1
736.0 -1864.0 0.00000 0.00000 0.00000 0.41 0.41 752.0 -1864.0 0.00000 0.00000 0.00000 0.41 0.41 736.0 -1728.0 0.00000 0.00000 0.00000 0.41 0.41 752.0 -1728.0 0.00000 0.00000 0.00000 0.41 0.41 1
688.0 -1728.0 0.00000 0.00000 0.00000 0.42 0.42 752.0 -1728.0 0.00000 0.00000 0.00000 0.42 0.42 688.0 -1480.0 0.00000 0.00000 0.00000 0.42 0.42 752.0 -1480.0 0.00000 0.00000 0.00000 0.42 0.42 1
592.0 -2192.0 0.00000 0.00000 0.00000 0.43 0.43 976.0 -2192.0 0.00000 0.00000 0.00000 0.43 0.43 592.0 -2112.0 0.00000 0.00000 0.00000 0.43 0.43 976.0 -2112.0 0.00000 0.00000 0.00000 0.43 0.43 1
592.0 -2328.0 0.00000 0.00000 0.00000 0.44 0.44 1008.0 -2328.0 0.00000 0.00000 0.00000 0.44 0.44 592.0 -2192.0 0.00000 0.00000 0.00000 0.44 0.44 1008.0 -2192.0 0.00000 0.00000 0.00000 0.44 0.44 1
592.0 -3000.0 0.00000 0.00000 0.00000 0.45 0.45 1008.0 -3000.0 0.00000 0.00000 0.00000 0.45 0.45 592.0 -2328.0 0.00000 0.00000 0.00000 0.45 0.45 1008.0 -2328.0 0.00000 0.00000 0.00000 0.45 0.45 1
1008.0 -3000.0 0.00000 0.00000 0.00000 0.46 0.46 1072.0 -3000.0 0.00000 0.00000 0.00000 0.46 0.46 1008.0 -2368.0 0.00000 0.00000 0.00000 0.46 0.46 1072.0 -2368.0 0.00000 0.00000 0.00000 0.46 0.46 1
1008.0 -2368.0 0.00000 0.00000 0.00000 0.47 0.47 1064.0 -2368.0 0.00000 0.00000 0.00000 0.47 0.47 1008.0 -2320.0 0.00000 0.00000 0.00000 0.47 0.47 1064.0 -2320.0 0.00000 0.00000 0.00000 0.47 0.47 1
1072.0 -2672.0 0.00000 0.00000 0.00000 0.48 0.48 1288.0 -2672.0 0.00000 0.00000 0.00000 0.48 0.48 1072.0 -2412.0 0.00000 0.00000 0.00000 0.48 0.48 1288.0 -2412.0 0.00000 0.00000 0.00000 0.48 0.48 1
1072.0 -2768.0 0.00000 0.00000 0.00000 0.49 0.49 1288.0 -2768.0 0.00000 0.00000 0.00000 0.49 0.49 1072.0 -2672.0 0.00000 0.00000 0.00000 0.49 0.49 1288.0 -2672.0 0.00000 0.00000 0.00000 0.49 0.49 1
1072.0 -3000.0 0.00000 0.00000 0.00000 0.50 0.50 1288.0 -3000.0 0.00000 0.00000 0.00000 0.50 0.50 1072.0 -2768.0 0.00000 0.00000 0.00000 0.50 0.50 1288.0 -2768.0 0.00000 0.00000 0.00000 0.50 0.50 1
1288.0 -3000.0 0.00000 0.00000 0.00000 0.51 0.51 1448.0 -3000.0 0.00000 0.00000 0.00000 0.51 0.51 1288.0 -2760.0 0.00000 0.00000 0.00000 0.51 0.51 1448.0 -2760.0 0.00000 0.00000 0.00000 0.51 0.51 1
1288.0 -2760.0 0.00000 0.00000 0.00000 0.52 0.52 1392.0 -2760.0 0.00000 0.00000 0.00000 0.52 0.52 1288.0 -2688.0 0.00000 0.00000 0.00000 0.52 0.52 1392.0 -2688.0 0.00000 0.00000 0.00000 0.52 0.52 1
1448.0 -3000.0 0.00000 0.00000 0.00000 0.53 0.53 1720.0 -3000.0 0.00000 0.00000 0.00000 0.53 0.53 1448.0 -2754.0 0.00000 0.00000 0.00000 0.53 0.53 1720.0 -2754.0 0.00000 0.00000 0.00000 0.53 0.53 1
1720.0 -3000.0 0.00000 0.00000 0.00000 0.54 0.54 2064.0 -3000.0 0.00000 0.00000 0.00000 0.54 0.54 1720.0 -2740.0 0.00000 0.00000 0.00000 0.54 0.54 2064.0 -2740.0 0.00000 0.00000 0.00000 0.54 0.54 1
2064.0 -3000.0 0.00000 0.00000 0.00000 0.55 0.55 2144.0 -3000.0 0.00000 0.00000 0.00000 0.55 0.55 2064.0 -2742.0 0.00000 0.00000 0.00000 0.55 0.55 2144.0 -2742.0 0.00000 0.00000 0.00000 0.55 0.55 1
2144.0 -3000.0 0.00000 0.00000 0.00000 0.56 0.56 2208.0 -3000.0 0.00000 0.00000 0.00000 0.56 0.56 2144.0 -2700.0 0.00000 0.00000 0.00000 0.56 0.56 2208.0 -2700.0 0.00000 0.00000 0.00000 0.56 0.56 1
2208.0 -3000.0 0.00000 0.00000 0.00000 0.57 0.57 2272.0 -3000.0 0.00000 0.00000 0.00000 0.57 0.57 2208.0 -2684.0 0.00000 0.00000 0.00000 0.57 0.57 2272.0 -2684.0 0.00000 0.00000 0.00000 0.57 0.57 1
2272.0 -3000.0 0.00000 0.00000 0.00000 0.58 0.58 2376.0 -3000.0 0.00000 0.00000 0.00000 0.58 0.58 2272.0 -2312.0 0.00000 0.00000 0.00000 0.58 0.58 2376.0 -2312.0 0.00000 0.00000 0.00000 0.58 0.58 1
2376.0 -2480.0 0.00000 0.00000 0.00000 0.59 0.59 2472.0 -2480.0 0.00000 0.00000 0.00000 0.59 0.59 2376.0 -2240.0 0.00000 0.00000 0.00000 0.59 0.59 2472.0 -2240.0 0.00000 0.00000 0.00000 0.59 0.59 1
2472.0 -2376.0 0.00000 0.00000 0.00000 0.70 0.70 2776.0 -2376.0 0.00000 0.00000 0.00000 0.70 0.70 2472.0 -2240.0 0.00000 0.00000 0.00000 0.70 0.70 2776.0 -2240.0 0.00000 0.00000 0.00000 0.70 0.70 1
2776.0 -2336.0 0.00000 0.00000 0.00000 0.71 0.71 2856.0 -2336.0 0.00000 0.00000 0.00000 0.71 0.71 2776.0 -2192.0 0.00000 0.00000 0.00000 0.71 0.71 2856.0 -2192.0 0.00000 0.00000 0.00000 0.71 0.71 1
2808.0 -2560.0 0.00000 0.00000 0.00000 0.72 0.72 3000.0 -2560.0 0.00000 0.00000 0.00000 0.72 0.72 2808.0 -2336.0 0.00000 0.00000 0.00000 0.72 0.72 3000.0 -2336.0 0.00000 0.00000 0.00000 0.72 0.72 1
2856.0 -2336.0 0.00000 0.00000 0.00000 0.73 0.73 3000.0 -2336.0 0.00000 0.00000 0.00000 0.73 0.73 2856.0 -2136.0 0.00000 0.00000 0.00000 0.73 0.73 3000.0 -2136.0 0.00000 0.00000 0.00000 0.73 0.73 1
2888.0 -2136.0 0.00000 0.00000 0.00000 0.74 0.74 3000.0 -2136.0 0.00000 0.00000 0.00000 0.74 0.74 2888.0 -1840.0 0.00000 0.00000 0.00000 0.74 0.74 3000.0 -1840.0 0.00000 0.00000 0.00000 0.74 0.74 1
2872.0 -1880.0 0.00000 0.00000 0.00000 0.75 0.75 2888.0 -1880.0 0.00000 0.00000 0.00000 0.75 0.75 2872.0 -1840.0 0.00000 0.00000 0.00000 0.75 0.75 2888.0 -1840.0 0.00000 0.00000 0.00000 0.75 0.75 1
2864.0 -1840.0 0.00000 0.00000 0.00000 0.76 0.76 3000.0 -1840.0 0.00000 0.00000 0.00000 0.76 0.76 2864.0 -1720.0 0.00000 0.00000 0.00000 0.76 0.76 3000.0 -1720.0 0.00000 0.00000 0.00000 0.76 0.76 1
2888.0 -1720.0 0.00000 0.00000 0.00000 0.77 0.77 3000.0 -1720.0 0.00000 0.00000 0.00000 0.77 0.77 2888.0 -1664.0 0.00000 0.00000 0.00000 0.77 0.77 3000.0 -1664.0 0.00000 0.00000 0.00000 0.77 0.77 1
2896.0 -1664.0 0.00000 0.00000 0.00000 0.78 0.78 3000.0 -1664.0 0.00000 0.00000 0.00000 0.78 0.78 2896.0 -1592.0 0.00000 0.00000 0.00000 0.78 0.78 3000.0 -1592.0 0.00000 0.00000 0.00000 0.78 0.78 1
2920.0 -1592.0 0.00000 0.00000 0.00000 0.79 0.79 3000.0 -1592.0 0.00000 0.00000 0.00000 0.79 0.79 2920.0 -1504.0 0.00000 0.00000 0.00000 0.79 0.79 3000.0 -1504.0 0.00000 0.00000 0.00000 0.79 0.79 1
2940.0 -1504.0 0.00000 0.00000 0.00000 0.80 0.80 3000.0 -1504.0 0.00000 0.00000 0.00000 0.80 0.80 2940.0 -1344.0 0.00000 0.00000 0.00000 0.80 0.80 3000.0 -1344.0 0.00000 0.00000 0.00000 0.80 0.80 1
2908.0 -1344.0 0.00000 0.00000 0.00000 0.81 0.81 3000.0 -1344.0 0.00000 0.00000 0.00000 0.81 0.81 2908.0 -1096.0 0.00000 0.00000 0.00000 0.81 0.81 3000.0 -1096.0 0.00000 0.00000 0.00000 0.81 0.81 1
2912.0 -1096.0 0.00000 0.00000 0.00000 0.82 0.82 3000.0 -1096.0 0.00000 0.00000 0.00000 0.82 0.82 2912.0 -800.0 0.00000 0.00000 0.00000 0.82 0.82 3000.0 -800.0 0.00000 0.00000 0.00000 0.82 0.82 1
2918.0 -800.0 0.00000 0.00000 0.00000 0.83 0.83 3000.0 -800.0 0.00000 0.00000 0.00000 0.83 0.83 2918.0 -472.0 0.00000 0.00000 0.00000 0.83 0.83 3000.0 -472.0 0.00000 0.00000 0.00000 0.83 0.83 1
2872.0 -472.0 0.00000 0.00000 0.00000 0.84 0.84 3000.0 -472.0 0.00000 0.00000 0.00000 0.84 0.84 2872.0 -376.0 0.00000 0.00000 0.00000 0.84 0.84 3000.0 -376.0 0.00000 0.00000 0.00000 0.84 0.84 1
2912.0 -376.0 0.00000 0.00000 0.00000 0.85 0.85 3000.0 -376.0 0.00000 0.00000 0.00000 0.85 0.85 2912.0 -80.0 0.00000 0.00000 0.00000 0.85 0.85 3000.0 -80.0 0.00000 0.00000 0.00000 0.85 0.85 1
2864.0 -376.0 0.00000 0.00000 0.00000 0.86 0.86 2912.0 -376.0 0.00000 0.00000 0.00000 0.86 0.86 2864.0 -80.0 0.00000 0.00000 0.00000 0.86 0.86 2912.0 -80.0 0.00000 0.00000 0.00000 0.86 0.86 1
2560.0 -2560.0 0.00000 0.00000 0.00000 0.87 0.87 2680.0 -2560.0 0.00000 0.00000 0.00000 0.87 0.87 2560.0 -2456.0 0.00000 0.00000 0.00000 0.87 0.87 2680.0 -2456.0 0.00000 0.00000 0.00000 0.87 0.87 1
-992.0 -422.0 0.00000 0.00000 0.00000 0.88 0.88 -848.0 -422.0 0.00000 0.00000 0.00000 0.88 0.88 -992.0 -238.0 0.00000 0.00000 0.00000 0.88 0.88 -848.0 -238.0 0.00000 0.00000 0.00000 0.88 0.88 1
-848.0 -384.0 0.00000 0.00000 0.00000 0.89 0.89 -512.0 -384.0 0.00000 0.00000 0.00000 0.89 0.89 -848.0 -256.0 0.00000 0.00000 0.00000 0.89 0.89 -512.0 -256.0 0.00000 0.00000 0.00000 0.89 0.89 1
-512.0 -400.0 0.00000 0.00000 0.00000 0.90 0.90 -320.0 -400.0 0.00000 0.00000 0.00000 0.90 0.90 -512.0 -272.0 0.00000 0.00000 0.00000 0.90 0.90 -320.0 -272.0 0.00000 0.00000 0.00000 0.90 0.90 1
-320.0 -400.0 0.00000 0.00000 0.00000 0.91 0.91 -208.0 -400.0 0.00000 0.00000 0.00000 0.91 0.91 -320.0 -304.0 0.00000 0.00000 0.00000 0.91 0.91 -208.0 -304.0 0.00000 0.00000 0.00000 0.91 0.91 1
-384.0 -528.0 0.00000 0.00000 0.00000 0.92 0.92 -100.0 -528.0 0.00000 0.00000 0.00000 0.92 0.92 -384.0 -460.0 0.00000 0.00000 0.00000 0.92 0.92 -100.0 -460.0 0.00000 0.00000 0.00000 0.92 0.92 1
-384.0 -704.0 0.00000 0.00000 0.00000 0.93 0.93 -64.0 -704.0 0.00000 0.00000 0.00000 0.93 0.93 -384.0 -528.0 0.00000 0.00000 0.00000 0.93 0.93 -64.0 -528.0 0.00000 0.00000 0.00000 0.93 0.93 1
-336.0 -816.0 0.00000 0.00000 0.00000 0.94 0.94 -80.0 -816.0 0.00000 0.00000 0.00000 0.94 0.94 -336.0 -704.0 0.00000 0.00000 0.00000 0.94 0.94 -80.0 -704.0 0.00000 0.00000 0.00000 0.94 0.94 1
-208.0 -936.0 0.00000 0.00000 0.00000 0.95 0.95 -48.0 -936.0 0.00000 0.00000 0.00000 0.95 0.95 -208.0 -816.0 0.00000 0.00000 0.00000 0.95 0.95 -48.0 -816.0 0.00000 0.00000 0.00000 0.95 0.95 1
-48.0 -936.0 0.00000 0.00000 0.00000 0.96 0.96 144.0 -936.0 0.00000 0.00000 0.00000 0.96 0.96 -48.0 -874.0 0.00000 0.00000 0.00000 0.96 0.96 144.0 -874.0 0.00000 0.00000 0.00000 0.96 0.96 1
32.0 -1024.0 0.00000 0.00000 0.00000 0.97 0.97 128.0 -1024.0 0.00000 0.00000 0.00000 0.97 0.97 32.0 -936.0 0.00000 0.00000 0.00000 0.97 0.97 128.0 -936.0 0.00000 0.00000 0.00000 0.97 0.97 1
-16.0 -1104.0 0.00000 0.00000 0.00000 0.98 0.98 96.0 -1104.0 0.00000 0.00000 0.00000 0.98 0.98 -16.0 -1024.0 0.00000 0.00000 0.00000 0.98 0.98 96.0 -1024.0 0.00000 0.00000 0.00000 0.98 0.98 1
0.0 -1200.0 0.00000 0.00000 0.00000 0.99 0.99 144.0 -1200.0 0.00000 0.00000 0.00000 0.99 0.99 0.0 -1104.0 0.00000 0.00000 0.00000 0.99 0.99 144.0 -1104.0 0.00000 0.00000 0.00000 0.99 0.99 1
-16.0 -1296.0 0.00000 0.00000 0.00000 1.00 1.00 128.0 -1296.0 0.00000 0.00000 0.00000 1.00 1.00 -16.0 -1200.0 0.00000 0.00000 0.00000 1.00 1.00 128.0 -1200.0 0.00000 0.00000 0.00000 1.00 1.00 1
-16.0 -1440.0 0.00000 0.00000 0.00000 0.01 0.01 112.0 -1440.0 0.00000 0.00000 0.00000 0.01 0.01 -16.0 -1296.0 0.00000 0.00000 0.00000 0.01 0.01 112.0 -1296.0 0.00000 0.00000 0.00000 0.01 0.01 1
0.0 -1552.0 0.00000 0.00000 0.00000 0.02 0.02 96.0 -1552.0 0.00000 0.00000 0.00000 0.02 0.02 0.0 -1440.0 0.00000 0.00000 0.00000 0.02 0.02 96.0 -1440.0 0.00000 0.00000 0.00000 0.02 0.02 1
-128.0 -1648.0 0.00000 0.00000 0.00000 0.03 0.03 96.0 -1648.0 0.00000 0.00000 0.00000 0.03 0.03 -128.0 -1552.0 0.00000 0.00000 0.00000 0.03 0.03 96.0 -1552.0 0.00000 0.00000 0.00000 0.03 0.03 1
-64.0 -672.0 0.00000 0.00000 0.00000 0.04 0.04 32.0 -672.0 0.00000 0.00000 0.00000 0.04 0.04 -64.0 -576.0 0.00000 0.00000 0.00000 0.04 0.04 32.0 -576.0 0.00000 0.00000 0.00000 0.04 0.04 1
-64.0 -576.0 0.00000 0.00000 0.00000 0.05 0.05 96.0 -576.0 0.00000 0.00000 0.00000 0.05 0.05 -64.0 -496.0 0.00000 0.00000 0.00000 0.05 0.05 96.0 -496.0 0.00000 0.00000 0.00000 0.05 0.05 1
16.0 -496.0 0.00000 0.00000 0.00000 0.06 0.06 144.0 -496.0 0.00000 0.00000 0.00000 0.06 0.06 16.0 -392.0 0.00000 0.00000 0.00000 0.06 0.06 144.0 -392.0 0.00000 0.00000 0.00000 0.06 0.06 1
144.0 -448.0 0.00000 0.00000 0.00000 0.07 0.07 240.0 -448.0 0.00000 0.00000 0.00000 0.07 0.07 144.0 -384.0 0.00000 0.00000 0.00000 0.07 0.07 240.0 -384.0 0.00000 0.00000 0.00000 0.07 0.07 1
240.0 -432.0 0.00000 0.00000 0.00000 0.08 0.08 304.0 -432.0 0.00000 0.00000 0.00000 0.08 0.08 240.0 -320.0 0.00000 0.00000 0.00000 0.08 0.08 304.0 -320.0 0.00000 0.00000 0.00000 0.08 0.08 1
304.0 -384.0 0.00000 0.00000 0.00000 0.09 0.09 352.0 -384.0 0.00000 0.00000 0.00000 0.09 0.09 304.0 -288.0 0.00000 0.00000 0.00000 0.09 0.09 352.0 -288.0 0.00000 0.00000 0.00000 0.09 0.09 1
352.0 -332.0 0.00000 0.00000 0.00000 0.10 0.10 400.0 -332.0 0.00000 0.00000 0.00000 0.10 0.10 352.0 -252.0 0.00000 0.00000 0.00000 0.10 0.10 400.0 -252.0 0.00000 0.00000 0.00000 0.10 0.10 1
400.0 -298.0 0.00000 0.00000 0.00000 0.11 0.11 464.0 -298.0 0.00000 0.00000 0.00000 0.11 0.11 400.0 -234.0 0.00000 0.00000 0.00000 0.11 0.11 464.0 -234.0 0.00000 0.00000 0.00000 0.11 0.11 1
464.0 -288.0 0.00000 0.00000 0.00000 0.13 0.13 576.0 -288.0 0.00000 0.00000 0.00000 0.13 0.13 464.0 -208.0 0.00000 0.00000 0.00000 0.13 0.13 576.0 -208.0 0.00000 0.00000 0.00000 0.13 0.13 1
576.0 -272.0 0.00000 0.00000 0.00000 0.14 0.14 688.0 -272.0 0.00000 0.00000 0.00000 0.14 0.14 576.0 -192.0 0.00000 0.00000 0.00000 0.14 0.14 688.0 -192.0 0.00000 0.00000 0.00000 0.14 0.14 1
688.0 -256.0 0.00000 0.00000 0.00000 0.15 0.15 768.0 -256.0 0.00000 0.00000 0.00000 0.15 0.15 688.0 -144.0 0.00000 0.00000 0.00000 0.15 0.15 768.0 -144.0 0.00000 0.00000 0.00000 0.15 0.15 1
768.0 -212.0 0.00000 0.00000 0.00000 0.16 0.16 800.0 -212.0 0.00000 0.00000 0.00000 0.16 0.16 768.0 -124.0 0.00000 0.00000 0.00000 0.16 0.16 800.0 -124.0 0.00000 0.00000 0.00000 0.16 0.16 1
800.0 -180.0 0.00000 0.00000 0.00000 0.17 0.17 976.0 -180.0 0.00000 0.00000 0.00000 0.17 0.17 800.0 -92.0 0.00000 0.00000 0.00000 0.17 0.17 976.0 -92.0 0.00000 0.00000 0.00000 0.17 0.17 1
976.0 -160.0 0.00000 0.00000 0.00000 0.18 0.18 1200.0 -160.0 0.00000 0.00000 0.00000 0.18 0.18 976.0 -64.0 0.00000 0.00000 0.00000 0.18 0.18 1200.0 -64.0 0.00000 0.00000 0.00000 0.18 0.18 1
1200.0 -244.0 0.00000 0.00000 0.00000 0.19 0.19 1264.0 -244.0 0.00000 0.00000 0.00000 0.19 0.19 1200.0 -108.0 0.00000 0.00000 0.00000 0.19 0.19 1264.0 -108.0 0.00000 0.00000 0.00000 0.19 0.19 1
1264.0 -330.0 0.00000 0.00000 0.00000 0.21 0.21 1344.0 -330.0 0.00000 0.00000 0.00000 0.21 0.21 1264.0 -158.0 0.00000 0.00000 0.00000 0.21 0.21 1344.0 -158.0 0.00000 0.00000 0.00000 0.21 0.21 1
1344.0 -320.0 0.00000 0.00000 0.00000 0.22 0.22 1456.0 -320.0 0.00000 0.00000 0.00000 0.22 0.22 1344.0 -208.0 0.00000 0.00000 0.00000 0.22 0.22 1456.0 -208.0 0.00000 0.00000 0.00000 0.22 0.22 1
1456.0 -282.0 0.00000 0.00000 0.00000 0.23 0.23 1520.0 -282.0 0.00000 0.00000 0.00000 0.23 0.23 1456.0 -198.0 0.00000 0.00000 0.00000 0.23 0.23 1520.0 -198.0 0.00000 0.00000 0.00000 0.23 0.23 1
1520.0 -208.0 0.00000 0.00000 0.00000 0.24 0.24 1648.0 -208.0 0.00000 0.00000 0.00000 0.24 0.24 1520.0 -80.0 0.00000 0.00000 0.00000 0.24 0.24 1648.0 -80.0 0.00000 0.00000 0.00000 0.24 0.24 1
1568.0 -80.0 0.00000 0.00000 0.00000 0.25 0.25 1648.0 -80.0 0.00000 0.00000 0.00000 0.25 0.25 1568.0 16.0 0.00000 0.00000 0.00000 0.25 0.25 1648.0 16.0 0.00000 0.00000 0.00000 0.25 0.25 1
1648.0 -64.0 0.00000 0.00000 0.00000 0.26 0.26 1792.0 -64.0 0.00000 0.00000 0.00000 0.26 0.26 1648.0 16.0 0.00000 0.00000 0.00000 0.26 0.26 1792.0 16.0 0.00000 0.00000 0.00000 0.26 0.26 1
1792.0 -128.0 0.00000 0.00000 0.00000 0.27 0.27 1888.0 -128.0 0.00000 0.00000 0.00000 0.27 0.27 1792.0 0.0 0.00000 0.00000 0.00000 0.27 0.27 1888.0 0.0 0.00000 0.00000 0.00000 0.27 0.27 1
1888.0 -268.0 0.00000 0.00000 0.00000 0.28 0.28 2016.0 -268.0 0.00000 0.00000 0.00000 0.28 0.28 1888.0 -20.0 0.00000 0.00000 0.00000 0.28 0.28 2016.0 -20.0 0.00000 0.00000 0.00000 0.28 0.28 1
2016.0 -256.0 0.00000 0.00000 0.00000 0.29 0.29 2144.0 -256.0 0.00000 0.00000 0.00000 0.29 0.29 2016.0 -16.0 0.00000 0.00000 0.00000 0.29 0.29 2144.0 -16.0 0.00000 0.00000 0.00000 0.29 0.29 1
2144.0 -272.0 0.00000 0.00000 0.00000 0.30 0.30 2224.0 -272.0 0.00000 0.00000 0.00000 0.30 0.30 2144.0 -96.0 0.00000 0.00000 0.00000 0.30 0.30 2224.0 -96.0 0.00000 0.00000 0.00000 0.30 0.30 1
2224.0 -272.0 0.00000 0.00000 0.00000 0.31 0.31 2288.0 -272.0 0.00000 0.00000 0.00000 0.31 0.31 2224.0 -144.0 0.00000 0.00000 0.00000 0.31 0.31 2288.0 -144.0 0.00000 0.00000 0.00000 0.31 0.31 1
2048.0 -16.0 0.00000 0.00000 0.00000 0.32 0.32 2144.0 -16.0 0.00000 0.00000 0.00000 0.32 0.32 2048.0 112.0 0.00000 0.00000 0.00000 0.32 0.32 2144.0 112.0 0.00000 0.00000 0.00000 0.32 0.32 1
2096.0 112.0 0.00000 0.00000 0.00000 0.33 0.33 2224.0 112.0 0.00000 0.00000 0.00000 0.33 0.33 2096.0 240.0 0.00000 0.00000 0.00000 0.33 0.33 2224.0 240.0 0.00000 0.00000 0.00000 0.33 0.33 1
2098.0 240.0 0.00000 0.00000 0.00000 0.32 0.32 2242.0 240.0 0.00000 0.00000 0.00000 0.32 0.32 2098.0 400.0 0.00000 0.00000 0.00000 0.32 0.32 2242.0 400.0 0.00000 0.00000 0.00000 0.32 0.32 1
2160.0 512.0 0.00000 0.00000 0.00000 0.33 0.33 2432.0 512.0 0.00000 0.00000 0.00000 0.33 0.33 2160.0 576.0 0.00000 0.00000 0.00000 0.33 0.33 2432.0 576.0 0.00000 0.00000 0.00000 0.33 0.33 1
2432.0 544.0 0.00000 0.00000 0.00000 0.34 0.34 2560.0 544.0 0.00000 0.00000 0.00000 0.34 0.34 2432.0 592.0 0.00000 0.00000 0.00000 0.34 0.34 2560.0 592.0 0.00000 0.00000 0.00000 0.34 0.34 1
2560.0 576.0 0.00000 0.00000 0.00000 0.35 0.35 2720.0 576.0 0.00000 0.00000 0.00000 0.35 0.35 2560.0 608.0 0.00000 0.00000 0.00000 0.35 0.35 2720.0 608.0 0.00000 0.00000 0.00000 0.35 0.35 1
2720.0 560.0 0.00000 0.00000 0.00000 0.36 0.36 2816.0 560.0 0.00000 0.00000 0.00000 0.36 0.36 2720.0 608.0 0.00000 0.00000 0.00000 0.36 0.36 2816.0 608.0 0.00000 0.00000 0.00000 0.36 0.36 1
2816.0 576.0 0.00000 0.00000 0.00000 0.37 0.37 3000.0 576.0 0.00000 0.00000 0.00000 0.37 0.37 2816.0 752.0 0.00000 0.00000 0.00000 0.37 0.37 3000.0 752.0 0.00000 0.00000 0.00000 0.37 0.37 1
-656.0 576.0 0.00000 0.00000 0.00000 0.38 0.38 -496.0 576.0 0.00000 0.00000 0.00000 0.38 0.38 -656.0 672.0 0.00000 0.00000 0.00000 0.38 0.38 -496.0 672.0 0.00000 0.00000 0.00000 0.38 0.38 1
-740.0 672.0 0.00000 0.00000 0.00000 0.39 0.39 -484.0 672.0 0.00000 0.00000 0.00000 0.39 0.39 -740.0 784.0 0.00000 0.00000 0.00000 0.39 0.39 -484.0 784.0 0.00000 0.00000 0.00000 0.39 0.39 1
-720.0 784.0 0.00000 0.00000 0.00000 0.40 0.40 -384.0 784.0 0.00000 0.00000 0.00000 0.40 0.40 -720.0 1008.0 0.00000 0.00000 0.00000 0.40 0.40 -384.0 1008.0 0.00000 0.00000 0.00000 0.40 0.40 1
-640.0 1008.0 0.00000 0.00000 0.00000 0.41 0.41 -400.0 1008.0 0.00000 0.00000 0.00000 0.41 0.41 -640.0 1216.0 0.00000 0.00000 0.00000 0.41 0.41 -400.0 1216.0 0.00000 0.00000 0.00000 0.41 0.41 1
-880.0 1296.0 0.00000 0.00000 0.00000 0.42 0.42 -688.0 1296.0 0.00000 0.00000 0.00000 0.42 0.42 -880.0 1408.0 0.00000 0.00000 0.00000 0.42 0.42 -688.0 1408.0 0.00000 0.00000 0.00000 0.42 0.42 1
-688.0 1216.0 0.00000 0.00000 0.00000 0.43 0.43 -400.0 1216.0 0.00000 0.00000 0.00000 0.43 0.43 -688.0 1424.0 0.00000 0.00000 0.00000 0.43 0.43 -400.0 1424.0 0.00000 0.00000 0.00000 0.43 0.43 1
-672.0 1424.0 0.00000 0.00000 0.00000 0.44 0.44 -448.0 1424.0 0.00000 0.00000 0.00000 0.44 0.44 -672.0 1616.0 0.00000 0.00000 0.00000 0.44 0.44 -448.0 1616.0 0.00000 0.00000 0.00000 0.44 0.44 1
-832.0 1616.0 0.00000 0.00000 0.00000 0.45 0.45 -512.0 1616.0 0.00000 0.00000 0.00000 0.45 0.45 -832.0 1728.0 0.00000 0.00000 0.00000 0.45 0.45 -512.0 1728.0 0.00000 0.00000 0.00000 0.45 0.45 1
-984.0 1632.0 0.00000 0.00000 0.00000 0.46 0.46 -832.0 1632.0 0.00000 0.00000 0.00000 0.46 0.46 -984.0 1712.0 0.00000 0.00000 0.00000 0.46 0.46 -832.0 1712.0 0.00000 0.00000 0.00000 0.46 0.46 1
-832.0 1728.0 0.00000 0.00000 0.00000 0.47 0.47 -576.0 1728.0 0.00000 0.00000 0.00000 0.47 0.47 -832.0 2032.0 0.00000 0.00000 0.00000 0.47 0.47 -576.0 2032.0 0.00000 0.00000 0.00000 0.47 0.47 1
-1248.0 2536.0 40.60000 0.00000 0.00000 0.48 0.48 -1088.0 2536.0 40.59998 0.00000 0.00000 0.48 0.48 -1248.0 2824.0 40.60000 0.00000 0.00000 0.48 0.48 -1088.0 2824.0 40.60000 0.00000 0.00000 0.48 0.48 1
-1088.0 2544.0 40.59998 0.00000 0.00000 0.49 0.49 -1040.0 2544.0 40.59998 0.00000 0.00000 0.49 0.49 -1088.0 2800.0 40.59999 0.00000 0.00000 0.49 0.49 -1040.0 2800.0 40.60000 0.00000 0.00000 0.49 0.49 1
-1040.0 2544.0 40.59998 0.00000 0.00000 0.50 0.50 -832.0 2544.0 40.60000 0.00000 0.00000 0.50 0.50 -1040.0 2760.0 40.59999 0.00000 0.00000 0.50 0.50 -832.0 2760.0 40.60000 0.00000 0.00000 0.50 0.50 1
-1088.0 2416.0 40.60000 0.00000 0.00000 0.51 0.51 -832.0 2416.0 40.60000 0.00000 0.00000 0.51 0.51 -1088.0 2544.0 40.59998 0.00000 0.00000 0.51 0.51 -832.0 2544.0 40.60000 0.00000 0.00000 0.51 0.51 1
-1040.0 2304.0 40.60000 0.00000 0.00000 0.52 0.52 -864.0 2304.0 40.60000 0.00000 0.00000 0.52 0.52 -1040.0 2416.0 40.59999 0.00000 0.00000 0.52 0.52 -864.0 2416.0 40.59999 0.00000 0.00000 0.52 0.52 1
-1024.0 2144.0 40.60000 0.00000 0.00000 0.53 0.53 -864.0 2144.0 40.59995 0.00000 0.00000 0.53 0.53 -1024.0 2304.0 40.59999 0.00000 0.00000 0.53 0.53 -864.0 2304.0 40.60000 0.00000 0.00000 0.53 0.53 1
-1072.0 2152.0 40.59999 0.00000 0.00000 0.54 0.54 -1024.0 2152.0 40.60000 0.00000 0.00000 0.54 0.54 -1072.0 2264.0 40.60000 0.00000 0.00000 0.54 0.54 -1024.0 2264.0 40.59999 0.00000 0.00000 0.54 0.54 1
-1200.0 2114.0 40.60000 0.00000 0.00000 0.55 0.55 -1072.0 2114.0 40.60000 0.00000 0.00000 0.55 0.55 -1200.0 2242.0 40.60000 0.00000 0.00000 0.55 0.55 -1072.0 2242.0 40.59999 0.00000 0.00000 0.55 0.55 1
-976.0 2016.0 40.60000 0.00000 0.00000 0.56 0.56 -848.0 2016.0 40.60000 0.00000 0.00000 0.56 0.56 -976.0 2144.0 40.59998 0.00000 0.00000 0.56 0.56 -848.0 2144.0 40.59995 0.00000 0.00000 0.56 0.56 1
-864.0 2144.0 40.59995 0.00000 0.00000 0.57 0.57 -448.0 2144.0 40.60000 0.00000 0.00000 0.57 0.57 -864.0 2272.0 40.59998 0.00000 0.00000 0.57 0.57 -448.0 2272.0 40.60000 0.00000 0.00000 0.57 0.57 1
-700.0 2272.0 40.59999 0.00000 0.00000 0.58 0.58 -484.0 2272.0 40.59999 0.00000 0.00000 0.58 0.58 -700.0 2320.0 40.60000 0.00000 0.00000 0.58 0.58 -484.0 2320.0 40.60000 0.00000 0.00000 0.58 0.58 1
-608.0 2320.0 40.59999 0.00000 0.00000 0.59 0.59 -528.0 2320.0 40.59999 0.00000 0.00000 0.59 0.59 -608.0 2352.0 40.60000 0.00000 0.00000 0.59 0.59 -528.0 2352.0 40.60000 0.00000 0.00000 0.59 0.59 1
-848.0 2044.0 40.59998 0.00000 0.00000 0.70 0.70 -816.0 2044.0 40.60000 0.00000 0.00000 0.70 0.70 -848.0 2144.0 40.59995 0.00000 0.00000 0.70 0.70 -816.0 2144.0 40.59995 0.00000 0.00000 0.70 0.70 1
-816.0 2060.0 40.59999 0.00000 0.00000 0.71 0.71 -496.0 2060.0 40.59999 0.00000 0.00000 0.71 0.71 -816.0 2144.0 40.59995 0.00000 0.00000 0.71 0.71 -496.0 2144.0 40.59999 0.00000 0.00000 0.71 0.71 1
-604.0 2036.0 40.60000 0.00000 0.00000 0.72 0.72 -484.0 2036.0 40.60000 0.00000 0.00000 0.72 0.72 -604.0 2060.0 40.59999 0.00000 0.00000 0.72 0.72 -484.0 2060.0 40.60000 0.00000 0.00000 0.72 0.72 1
2376.0 -3000.0 0.00000 0.00000 0.00000 0.73 0.73 3000.0 -3000.0 0.00000 0.00000 0.00000 0.73 0.73 2376.0 -2688.0 0.00000 0.00000 0.00000 0.73 0.73 3000.0 -2688.0 0.00000 0.00000 0.00000 0.73 0.73 1
2520.0 -2688.0 0.00000 0.00000 0.00000 0.74 0.74 3000.0 -2688.0 0.00000 0.00000 0.00000 0.74 0.74 2520.0 -2560.0 0.00000 0.00000 0.00000 0.74 0.74 3000.0 -2560.0 0.00000 0.00000 0.00000 0.74 0.74 1
-1328.0 2082.0 40.59999 0.00000 0.00000 0.75 0.75 -1200.0 2082.0 40.60000 0.00000 0.00000 0.75 0.75 -1328.0 2210.0 40.60000 0.00000 0.00000 0.75 0.75 -1200.0 2210.0 40.60000 0.00000 0.00000 0.75 0.75 1
-1400.0 2074.0 40.60000 0.00000 0.00000 0.76 0.76 -1328.0 2074.0 40.60000 0.00000 0.00000 0.76 0.76 -1400.0 2150.0 40.60000 0.00000 0.00000 0.76 0.76 -1328.0 2150.0 40.59999 0.00000 0.00000 0.76 0.76 1
-1248.0 -144.0 0.00000 0.00000 0.00000 0.77 0.77 -992.0 -144.0 0.00000 0.00000 0.00000 0.77 0.77 -1248.0 208.0 0.00000 0.00000 0.00000 0.77 0.77 -992.0 208.0 0.00000 0.00000 0.00000 0.77 0.77 1
-1176.0 -432.0 0.00000 0.00000 0.00000 0.78 0.78 -992.0 -432.0 0.00000 0.00000 0.00000 0.78 0.78 -1176.0 -144.0 0.00000 0.00000 0.00000 0.78 0.78 -992.0 -144.0 0.00000 0.00000 0.00000 0.78 0.78 1
-1792.0 -592.0 0.00000 0.00000 0.00000 0.79 0.79 -1728.0 -592.0 0.00000 0.00000 0.00000 0.79 0.79 -1792.0 -144.0 0.00000 0.00000 0.00000 0.79 0.79 -1728.0 -144.0 0.00000 0.00000 0.00000 0.79 0.79 1
-1792.0 170.0 0.00000 0.00000 0.00000 0.80 0.80 -1600.0 170.0 0.00000 0.00000 0.00000 0.80 0.80 -1792.0 274.0 0.00000 0.00000 0.00000 0.80 0.80 -1600.0 274.0 0.00000 0.00000 0.00000 0.80 0.80 1
-1600.0 168.0 0.00000 0.00000 0.00000 0.81 0.81 -1256.0 168.0 0.00000 0.00000 0.00000 0.81 0.81 -1600.0 208.0 0.00000 0.00000 0.00000 0.81 0.81 -1256.0 208.0 0.00000 0.00000 0.00000 0.81 0.81 1
-1574.0 -44.0 0.00000 0.00000 0.00000 0.82 0.82 -1550.0 -44.0 0.00000 0.00000 0.00000 0.82 0.82 -1574.0 108.0 0.00000 0.00000 0.00000 0.82 0.82 -1550.0 108.0 0.00000 0.00000 0.00000 0.82 0.82 1
1928.0 -1222.0 18.00000 0.00000 0.00000 0.83 0.83 2012.0 -1222.0 18.00000 0.00000 0.00000 0.83 0.83 1928.0 -1178.0 18.00000 0.00000 0.00000 0.83 0.83 2012.0 -1178.0 18.00000 0.00000 0.00000 0.83 0.83 1
-464.0 -1908.0 0.00000 0.00000 0.00000 0.84 0.84 -280.0 -1908.0 0.00000 0.00000 0.00000 0.84 0.84 -464.0 -1832.0 0.00000 0.00000 0.00000 0.84 0.84 -280.0 -1832.0 0.00000 0.00000 0.00000 0.84 0.84 1
2248.0 -1182.0 23.33740 0.00000 0.00000 0.85 0.85 2260.0 -1182.0 23.33740 0.00000 0.00000 0.85 0.85 2248.0 -1170.0 23.33740 0.00000 0.00000 0.85 0.85 2260.0 -1170.0 23.33740 0.00000 0.00000 0.85 0.85 1
2292.0 -1432.0 22.16500 0.00000 0.00000 0.86 0.86 2328.0 -1432.0 22.16500 0.00000 0.00000 0.86 0.86 2292.0 -1400.0 22.16500 0.00000 0.00000 0.86 0.86 2328.0 -1400.0 22.16500 0.00000 0.00000 0.86 0.86 1
1888.0 1468.0 8.59839 0.00000 0.00000 0.87 0.87 2036.0 1468.0 8.59839 0.00000 0.00000 0.87 0.87 1888.0 1700.0 8.59839 0.00000 0.00000 0.87 0.87 2036.0 1700.0 8.59839 0.00000 0.00000 0.87 0.87 1
2090.0 1670.0 9.61171 0.00000 0.00000 0.88 0.88 2146.0 1670.0 9.61171 0.00000 0.00000 0.88 0.88 2090.0 1694.0 9.61171 0.00000 0.00000 0.88 0.88 2146.0 1694.0 9.61171 0.00000 0.00000 0.88 0.88 1
2110.0 1234.0 7.83275 0.00000 0.00000 0.89 0.89 2178.0 1234.0 7.83275 0.00000 0.00000 0.89 0.89 2110.0 1330.0 7.83275 0.00000 0.00000 0.89 0.89 2178.0 1330.0 7.83275 0.00000 0.00000 0.89 0.89 1
2108.0 1084.0 7.56284 0.00000 0.00000 0.90 0.90 2180.0 1084.0 7.56284 0.00000 0.00000 0.90 0.90 2108.0 1172.0 7.56284 0.00000 0.00000 0.90 0.90 2180.0 1172.0 7.56284 0.00000 0.00000 0.90 0.90 1
2506.0 1546.0 8.96708 0.00000 0.00000 0.91 0.91 2554.0 1546.0 8.96708 0.00000 0.00000 0.91 0.91 2506.0 1586.0 8.96708 0.00000 0.00000 0.91 0.91 2554.0 1586.0 8.96708 0.00000 0.00000 0.91 0.91 1
1270.0 -812.0 86.67300 0.00000 0.00000 0.92 0.92 1290.0 -812.0 86.67300 0.00000 0.00000 0.92 0.92 1270.0 -800.0 86.67300 0.00000 0.00000 0.92 0.92 1290.0 -800.0 86.67300 0.00000 0.00000 0.92 0.92 1
1084.0 -684.0 112.00000 0.00000 0.00000 0.93 0.93 1104.0 -684.0 112.00000 0.00000 0.00000 0.93 0.93 1084.0 -660.0 112.00000 0.00000 0.00000 0.93 0.93 1104.0 -660.0 112.00000 0.00000 0.00000 0.93 0.93 1
502.0 -1114.0 78.42310 0.00000 0.00000 0.94 0.94 522.0 -1114.0 78.42310 0.00000 0.00000 0.94 0.94 502.0 -1098.0 78.42310 0.00000 0.00000 0.94 0.94 522.0 -1098.0 78.42310 0.00000 0.00000 0.94 0.94 1
214.0 -1208.0 74.00000 0.00000 0.00000 0.95 0.95 246.0 -1208.0 74.00000 0.00000 0.00000 0.95 0.95 214.0 -1180.0 74.00000 0.00000 0.00000 0.95 0.95 246.0 -1180.0 74.00000 0.00000 0.00000 0.95 0.95 1
218.0 -1180.0 74.00000 0.00000 0.00000 0.96 0.96 238.0 -1180.0 74.00000 0.00000 0.00000 0.96 0.96 218.0 -1172.0 74.00000 0.00000 0.00000 0.96 0.96 238.0 -1172.0 74.00000 0.00000 0.00000 0.96 0.96 1
178.0 -1244.0 77.05340 0.00000 0.00000 0.97 0.97 206.0 -1244.0 77.05340 0.00000 0.00000 0.97 0.97 178.0 -1216.0 77.05340 0.00000 0.00000 0.97 0.97 206.0 -1216.0 77.05340 0.00000 0.00000 0.97 0.97 1
1744.0 2780.0 8.47297 0.00000 0.00000 0.03 0.03 1792.0 2780.0 8.47297 0.00000 0.00000 0.03 0.03 1744.0 2868.0 8.47297 0.00000 0.00000 0.03 0.03 1792.0 2868.0 8.47297 0.00000 0.00000 0.03 0.03 1
-2832.0 2888.0 0.00000 0.00000 0.00000 0.04 0.04 3000.0 2888.0 0.00000 0.00000 0.00000 0.04 0.04 -2832.0 3000.0 0.00000 0.00000 0.00000 0.04 0.04 3000.0 3000.0 0.00000 0.00000 0.00000 0.04 0.04 1
-2778.0 -522.0 2.79256 0.00000 0.00000 0.05 0.05 -2662.0 -522.0 2.79256 0.00000 0.00000 0.05 0.05 -2778.0 -414.0 2.79256 0.00000 0.00000 0.05 0.05 -2662.0 -414.0 2.79256 0.00000 0.00000 0.05 0.05 1
1520.0 -252.0 0.00000 0.00000 0.00000 0.06 0.06 1572.0 -252.0 0.00000 0.00000 0.00000 0.06 0.06 1520.0 -208.0 0.00000 0.00000 0.00000 0.06 0.06 1572.0 -208.0 0.00000 0.00000 0.00000 0.06 0.06 1
2922.0 752.0 0.00000 0.00000 0.00000 0.07 0.07 3000.0 752.0 0.00000 0.00000 0.00000 0.07 0.07 2922.0 2888.0 0.00000 0.00000 0.00000 0.07 0.07 3000.0 2888.0 0.00000 0.00000 0.00000 0.07 0.07 1
-3000.0 -446.0 0.00000 0.00000 0.00000 0.08 0.08 -2910.0 -446.0 0.00000 0.00000 0.00000 0.08 0.08 -3000.0 354.0 0.00000 0.00000 0.00000 0.08 0.08 -2910.0 354.0 0.00000 0.00000 0.00000 0.08 0.08 1
-2434.0 2224.0 0.00000 0.00000 0.00000 0.09 0.09 -2294.0 2224.0 0.00000 0.00000 0.00000 0.09 0.09 -2434.0 2340.0 0.00000 0.00000 0.00000 0.09 0.09 -2294.0 2340.0 0.00000 0.00000 0.00000 0.09 0.09 1
-2294.0 2224.0 0.00000 0.00000 0.00000 0.10 0.10 -2208.0 2224.0 0.00000 0.00000 0.00000 0.10 0.10 -2294.0 2312.0 0.00000 0.00000 0.00000 0.10 0.10 -2208.0 2312.0 0.00000 0.00000 0.00000 0.10 0.10 1
2058.0 1868.0 9.62916 0.00000 0.00000 0.11 0.11 2110.0 1868.0 9.62916 0.00000 0.00000 0.11 0.11 2058.0 1964.0 9.62916 0.00000 0.00000 0.11 0.11 2110.0 1964.0 9.62916 0.00000 0.00000 0.11 0.11 1
-3000.0 2942.0 0.00000 0.00000 0.00000 0.13 0.13 -2832.0 2942.0 0.00000 0.00000 0.00000 0.13 0.13 -3000.0 3000.0 0.00000 0.00000 0.00000 0.13 0.13 -2832.0 3000.0 0.00000 0.00000 0.00000 0.13 0.13 1
-550.0 2004.0 40.60000 0.00000 0.00000 0.14 0.14 -494.0 2004.0 40.60000 0.00000 0.00000 0.14 0.14 -550.0 2036.0 40.59999 0.00000 0.00000 0.14 0.14 -494.0 2036.0 40.59999 0.00000 0.00000 0.14 0.14 1
-896.0 842.0 0.00000 0.00000 0.00000 0.15 0.15 -776.0 842.0 0.00000 0.00000 0.00000 0.15 0.15 -896.0 954.0 0.00000 0.00000 0.00000 0.15 0.15 -776.0 954.0 0.00000 0.00000 0.00000 0.15 0.15 1
-2240.0 1336.0 0.00000 0.00000 0.00000 0.16 0.16 -2088.0 1336.0 0.00000 0.00000 0.00000 0.16 0.16 -2240.0 1432.0 0.00000 0.00000 0.00000 0.16 0.16 -2088.0 1432.0 0.00000 0.00000 0.00000 0.16 0.16 1
-3000.0 -822.0 0.00000 0.00000 0.00000 0.17 0.17 -2930.0 -822.0 0.00000 0.00000 0.00000 0.17 0.17 -3000.0 -446.0 0.00000 0.00000 0.00000 0.17 0.17 -2930.0 -446.0 0.00000 0.00000 0.00000 0.17 0.17 1
-2660.0 2224.0 0.00000 0.00000 0.00000 0.18 0.18 -2520.0 2224.0 0.00000 0.00000 0.00000 0.18 0.18 -2660.0 2264.0 0.00000 0.00000 0.00000 0.18 0.18 -2520.0 2264.0 0.00000 0.00000 0.00000 0.18 0.18 1
-378.0 -460.0 0.00000 0.00000 0.00000 0.19 0.19 -138.0 -460.0 0.00000 0.00000 0.00000 0.19 0.19 -378.0 -400.0 0.00000 0.00000 0.00000 0.19 0.19 -138.0 -400.0 0.00000 0.00000 0.00000 0.19 0.19 1
1836.0 1468.0 8.59839 0.00000 0.00000 0.21 0.21 1888.0 1468.0 8.59839 0.00000 0.00000 0.21 0.21 1836.0 1568.0 8.59839 0.00000 0.00000 0.21 0.21 1888.0 1568.0 8.59839 0.00000 0.00000 0.21 0.21 1
890.0 -1106.0 22.41000 0.00000 0.00000 0.22 0.22 902.0 -1106.0 22.41000 0.00000 0.00000 0.22 0.22 890.0 -1098.0 22.41000 0.00000 0.00000 0.22 0.22 902.0 -1098.0 22.41000 0.00000 0.00000 0.22 0.22 1
1202.0 -2414.0 8.86445 0.00000 0.00000 0.23 0.23 1278.0 -2414.0 8.86445 0.00000 0.00000 0.23 0.23 1202.0 -2334.0 8.86445 0.00000 0.00000 0.23 0.23 1278.0 -2334.0 8.86445 0.00000 0.00000 0.23 0.23 1
1072.0 -2412.0 0.00000 0.00000 0.00000 0.24 0.24 1128.0 -2412.0 0.00000 0.00000 0.00000 0.24 0.24 1072.0 -2372.0 0.00000 0.00000 0.00000 0.24 0.24 1128.0 -2372.0 0.00000 0.00000 0.00000 0.24 0.24 1
-848.0 -2082.0 5.27000 0.00000 0.00000 0.25 0.25 -664.0 -2082.0 5.27000 0.00000 0.00000 0.25 0.25 -848.0 -1866.0 5.27000 0.00000 0.00000 0.25 0.25 -664.0 -1866.0 5.27000 0.00000 0.00000 0.25 0.25 1
-664.0 -1924.0 5.27000 0.00000 0.00000 0.26 0.26 -464.0 -1924.0 5.27000 0.00000 0.00000 0.26 0.26 -664.0 -1864.0 5.27000 0.00000 0.00000 0.26 0.26 -464.0 -1864.0 5.27000 0.00000 0.00000 0.26 0.26 1
-1484.0 784.0 0.00000 0.00000 0.00000 0.27 0.27 -1424.0 784.0 0.00000 0.00000 0.00000 0.27 0.27 -1484.0 840.0 0.00000 0.00000 0.00000 0.27 0.27 -1424.0 840.0 0.00000 0.00000 0.00000 0.27 0.27 1
-496.0 566.0 0.00000 0.00000 0.00000 0.28 0.28 -432.0 566.0 0.00000 0.00000 0.00000 0.28 0.28 -496.0 642.0 0.00000 0.00000 0.00000 0.28 0.28 -432.0 642.0 0.00000 0.00000 0.00000 0.28 0.28 1
250.0 2808.0 0.00000 0.00000 0.00000 0.29 0.29 818.0 2808.0 0.00000 0.00000 0.00000 0.29 0.29 250.0 2888.0 0.00000 0.00000 0.00000 0.29 0.29 818.0 2888.0 0.00000 0.00000 0.00000 0.29 0.29 1
2502.0 -2240.0 0.00000 0.00000 0.00000 0.30 0.30 2670.0 -2240.0 0.00000 0.00000 0.00000 0.30 0.30 2502.0 -2120.0 -5.00000 0.00000 0.00000 0.30 0.30 2670.0 -2120.0 -5.00000 0.00000 0.00000 0.30 0.30 1
1270.0 -780.0 1082.72998 0.00000 0.00000 0.31 0.31 1290.0 -780.0 1082.72998 0.00000 0.00000 0.31 0.31 1270.0 -768.0 1082.72998 0.00000 0.00000 0.31 0.31 1290.0 -768.0 1082.72998 0.00000 0.00000 0.31 0.31 1
88.0 544.0 0.00000 0.00000 0.00000 0.32 0.32 120.0 544.0 0.00000 0.00000 0.00000 0.32 0.32 88.0 572.0 0.00000 0.00000 0.00000 0.32 0.32 120.0 572.0 0.00000 0.00000 0.00000 0.32 0.32 1
1856.0 -202.0 0.00000 0.00000 0.00000 0.33 0.33 1888.0 -202.0 0.00000 0.00000 0.00000 0.33 0.33 1856.0 -158.0 0.00000 0.00000 0.00000 0.33 0.33 1888.0 -158.0 0.00000 0.00000 0.00000 0.33 0.33 1
-2048.0 -962.0 30.40000 0.00000 0.00000 0.32 0.32 -2004.0 -962.0 30.40000 0.00000 0.00000 0.32 0.32 -2048.0 -758.0 30.40000 0.00000 0.00000 0.32 0.32 -2004.0 -758.0 30.40000 0.00000 0.00000 0.32 0.32 1
2564.0 2370.0 16.40000 0.00000 0.00000 0.33 0.33 2604.0 2370.0 16.40000 0.00000 0.00000 0.33 0.33 2564.0 2398.0 16.40000 0.00000 0.00000 0.33 0.33 2604.0 2398.0 16.40000 0.00000 0.00000 0.33 0.33 1
-2522.0 -310.0 35.38200 0.00000 0.00000 0.34 0.34 -2382.0 -310.0 35.38200 0.00000 0.00000 0.34 0.34 -2522.0 -234.0 35.38200 0.00000 0.00000 0.34 0.34 -2382.0 -234.0 35.38200 0.00000 0.00000 0.34 0.34 1
2872.0 -2136.0 0.00000 0.00000 0.00000 0.35 0.35 2888.0 -2136.0 0.00000 0.00000 0.00000 0.35 0.35 2872.0 -2120.0 0.00000 0.00000 0.00000 0.35 0.35 2888.0 -2120.0 0.00000 0.00000 0.00000 0.35 0.35 1
2760.0 -2240.0 0.00000 0.00000 0.00000 0.36 0.36 2776.0 -2240.0 0.00000 0.00000 0.00000 0.36 0.36 2760.0 -2232.0 0.00000 0.00000 0.00000 0.36 0.36 2776.0 -2232.0 0.00000 0.00000 0.00000 0.36 0.36 1
-912.0 208.0 0.00000 0.00000 0.00000 0.37 0.37 -724.0 208.0 0.00000 0.00000 0.00000 0.37 0.37 -912.0 20.0 0.00000 0.00000 0.00000 0.37 0.37 1
-1610.0 168.0 0.00000 0.00000 0.00000 0.38 0.38 -1550.0 168.0 0.00000 0.00000 0.00000 0.38 0.38 -1550.0 108.0 0.00000 0.00000 0.00000 0.38 0.38 1
-1728.0 -62.0 0.00000 0.00000 0.00000 0.39 0.39 -1568.0 -62.0 0.00000 0.00000 0.00000 0.39 0.39 -1728.0 -222.0 0.00000 0.00000 0.00000 0.39 0.39 1
-1724.0 170.0 0.00000 0.00000 0.00000 0.40 0.40 -1612.0 170.0 0.00000 0.00000 0.00000 0.40 0.40 -1724.0 58.0 0.00000 0.00000 0.00000 0.40 0.40 1
-1550.0 168.0 0.00000 0.00000 0.00000 0.41 0.41 -1362.0 168.0 0.00000 0.00000 0.00000 0.41 0.41 -1550.0 -20.0 0.00000 0.00000 0.00000 0.41 0.41 1
-1722.0 -62.0 0.00000 0.00000 0.00000 0.42 0.42 -1574.0 -62.0 0.00000 0.00000 0.00000 0.42 0.42 -1574.0 86.0 0.00000 0.00000 0.00000 0.42 0.42 1
