# Generated by: CFG Studio 2.0.380
# Generated on: 2023-12-03 21:23:55
# File format: GTA3/VC/SA *.dat
#
# Melee data:
£ UNARMED MELEE 10.0 1.6 -1 -1 0 UNARMED 4 1 null
£ BRASSKNUCKLE MELEE 10.0 1.6 331 -1 0 UNARMED 4 1 null
£ GOLFCLUB MELEE 10.0 1.6 333 -1 1 BBALLBAT 1 1 null
£ NIGHTSTICK MELEE 10.0 1.6 334 -1 1 BBALLBAT 1 1 null
£ KNIFE MELEE 10.0 1.6 335 -1 1 KNIFE 1 1 stealth_kn
£ BASEBALLBAT MELEE 10.0 1.6 336 -1 1 BBALLBAT 1 1 null
£ SHOVEL MELEE 10.0 1.6 337 -1 1 BBALLBAT 1 1 null
£ POOLCUE MELEE 10.0 1.6 338 -1 1 BBALLBAT 1 1 null
£ KATANA MELEE 10.0 1.6 339 -1 1 SWORD 1 1 null
£ CHAINSAW MELEE 10.0 1.6 341 -1 1 CHAINSAW 1 201 null
£ DILDO1 MELEE 10.0 1.6 321 -1 10 DILDO 1 1 null
£ DILDO2 MELEE 10.0 1.6 322 -1 10 KNIFE 1 1 null
£ VIBE1 MELEE 10.0 1.6 323 -1 10 DILDO 1 1 null
£ VIBE2 MELEE 10.0 1.6 324 -1 10 KNIFE 1 1 null
£ FLOWERS MELEE 10.0 1.6 325 -1 10 FLOWERS 1 1 null
£ CANE MELEE 10.0 1.6 326 -1 10 SWORD 1 1 null
£ PARACHUTE MELEE 10.0 1.6 371 -1 11 UNARMED 1 1 null
#
# Gun data:
$ GRENADE PROJECTILE 0.0 2000.0 342 -1 8 grenade 1 275 0.0 0.0 0.0 1 0 1.0 1.00 0 2 0 0 2 0 99 100 0.05 0.5 1000.0 0.01
$ TEARGAS PROJECTILE 25.0 2000.0 343 -1 8 grenade 1 175 0.0 0.0 0.0 1 0 1.0 0.99 0 2 0 0 2 0 99 100 0.05 0.5 1000.0 0.01
$ MOLOTOV PROJECTILE 50.0 2000.0 344 -1 8 grenade 1 75 0.0 0.0 0.0 1 0 1.0 0.98 0 2 0 0 2 0 99 100 0.05 0.5 1000.0 0.01
$ ROCKET PROJECTILE 100.0 2000.0 345 -1 8 null 1 175 0.0 0.0 0.0 1 0 1.0 0.97 0 2 0 0 2 0 99 100 0.05 0.5 1000.0 0.01
$ ROCKET_HS PROJECTILE 200.0 2000.0 345 -1 8 null 1 275 0.0 0.0 0.0 1 0 1.0 0.96 0 2 0 0 2 0 99 100 0.05 0.5 1000.0 0.01
$ FREEFALL_BOMB PROJECTILE 400.0 2000.0 345 -1 8 null 1 375 0.0 0.0 0.0 1 0 1.0 0.95 0 2 0 0 2 0 99 100 0.05 0.5 1000.0 0.01
$ PISTOL INSTANT_HIT 0.0 31.5 346 -1 2 colt45 17 23 0.25 0.05 0.09 0 0 0.12 0.94 11 96 11 11 96 11 99 3033 0.05 0.5 1000.0 0.01
$ PISTOL INSTANT_HIT 25.0 125.0 346 -1 2 colt45 34 24 0.25 0.05 0.09 1 40 0.25 0.93 11 48 11 11 48 11 99 3033 0.05 0.5 1000.0 0.01
$ PISTOL INSTANT_HIT 50.0 500.0 346 -1 2 colt45pro 68 25 0.25 0.05 0.09 2 999 0.5 0.92 7 24 7 7 24 7 99 3833 0.05 0.5 1000.0 0.01
$ PISTOL INSTANT_HIT 100.0 2000.0 346 -1 2 colt_cop 136 26 0.25 0.05 0.09 3 5000 1.0 0.91 3 12 3 3 12 3 99 7031 0.05 0.5 1000.0 0.01
$ PISTOL_SILENCED INSTANT_HIT 25.0 500.0 347 -1 2 silenced 17 26 0.40 0.05 0.15 0 0 0.375 0.90 11 52 11 11 52 11 99 7001 0.05 0.5 1000.0 0.01
$ PISTOL_SILENCED INSTANT_HIT 25.0 500.0 347 -1 2 silenced 34 28 0.40 0.05 0.15 1 500 0.75 0.89 7 26 7 7 26 7 99 7011 0.05 0.5 1000.0 0.01
$ PISTOL_SILENCED INSTANT_HIT 50.0 2000.0 347 -1 2 silenced 68 30 0.40 0.05 0.15 2 999 1.5 0.88 3 13 3 3 13 3 99 7031 0.05 0.5 1000.0 0.01
$ DESERT_EAGLE INSTANT_HIT 0.0 31.5 348 -1 2 pythonbad 17 75 0.41 0.03 0.12 0 0 0.3225 0.87 11 56 11 11 56 11 99 7001 0.05 0.5 1000.0 0.01
$ DESERT_EAGLE INSTANT_HIT 25.0 500.0 348 -1 2 python 34 78 0.41 0.03 0.12 1 200 0.65 0.86 7 28 7 7 28 7 99 7011 0.05 0.5 1000.0 0.01
$ DESERT_EAGLE INSTANT_HIT 50.0 2000.0 348 -1 2 python 68 81 0.41 0.03 0.12 2 999 1.25 0.85 3 14 3 3 14 3 99 7031 0.05 0.5 1000.0 0.01
$ SHOTGUN INSTANT_HIT 0.0 31.5 349 -1 3 shotgunbad 1 6 0.82 -0.02 0.23 0 0 0.35 0.84 11 99 11 11 99 11 99 2001 0.05 0.5 1000.0 0.01
$ SHOTGUN INSTANT_HIT 25.0 500.0 349 -1 3 shotgun 2 6 0.82 -0.02 0.25 1 200 0.7 0.83 11 64 11 11 64 11 99 2011 0.05 0.5 1000.0 0.01
$ SHOTGUN INSTANT_HIT 50.0 2000.0 349 -1 3 shotgun 3 7 0.82 -0.02 0.25 2 999 1.4 0.82 6 8 6 6 8 6 99 2031 0.05 0.5 1000.0 0.01
$ SAWNOFF INSTANT_HIT 0.0 31.5 350 -1 3 sawnoff 1 7 0.56 0.0 0.15 0 0 0.225 0.81 11 99 11 11 99 11 99 3033 0.05 0.5 1000.0 0.01
$ SAWNOFF INSTANT_HIT 25.0 500.0 350 -1 3 sawnoff 2 7 0.56 0.0 0.15 1 200 0.45 0.80 11 64 11 11 64 11 99 3033 0.05 0.5 1000.0 0.01
$ SAWNOFF INSTANT_HIT 50.0 2000.0 350 -1 3 sawnoffpro 3 8 0.56 0.0 0.15 2 999 0.9 0.79 6 8 6 6 8 6 99 3833 0.05 0.5 1000.0 0.01
$ SPAS12 INSTANT_HIT 0.0 31.5 351 -1 3 buddy 1 6 0.75 -0.06 0.22 0 0 0.5 0.78 11 99 11 11 99 11 99 7001 0.05 0.5 1000.0 0.01
$ SPAS12 INSTANT_HIT 25.0 500.0 351 -1 3 buddy 2 6 0.75 -0.06 0.22 1 200 1.0 0.77 11 64 11 11 64 11 99 7011 0.05 0.5 1000.0 0.01
$ SPAS12 INSTANT_HIT 50.0 2000.0 351 -1 3 buddy 3 7 0.75 -0.06 0.22 2 999 2.0 0.76 6 8 6 6 8 6 99 7031 0.05 0.5 1000.0 0.01
$ MICRO_UZI INSTANT_HIT 0.0 31.5 352 -1 4 colt45 50 17 0.25 0.0 0.11 0 0 0.75 0.75 11 99 11 11 99 11 99 3013 0.05 0.5 1000.0 0.01
$ MICRO_UZI INSTANT_HIT 25.0 500.0 352 -1 4 colt45 100 18 0.25 0.0 0.11 1 50 1.05 0.74 7 64 7 7 64 7 99 3033 0.05 0.5 1000.0 0.01
$ MICRO_UZI INSTANT_HIT 50.0 2000.0 352 -1 4 colt45pro 200 19 0.25 0.0 0.11 2 999 0.250025 0.73 3 8 3 3 8 3 99 3833 0.05 0.5 1000.0 0.01
$ TEC9 INSTANT_HIT 0.0 31.5 372 -1 4 colt45 50 23 0.45 -0.05 0.11 0 0 0.5005 0.72 11 99 11 11 99 11 99 3013 0.05 0.5 1000.0 0.01
$ TEC9 INSTANT_HIT 25.0 500.0 372 -1 4 colt45 100 17 0.45 -0.05 0.11 1 50 1.05 0.71 7 64 7 7 64 7 99 3033 0.05 0.5 1000.0 0.01
$ TEC9 INSTANT_HIT 50.0 2000.0 372 -1 4 colt45pro 200 18 0.45 -0.05 0.11 2 999 0.25 0.70 3 8 3 3 8 3 99 3833 0.05 0.5 1000.0 0.01
$ MP5 INSTANT_HIT 0.0 31.5 353 -1 4 uzibad 30 19 0.51 -0.01 0.20 0 0 0.5 0.69 11 99 11 11 99 11 99 7001 0.05 0.5 1000.0 0.01
$ MP5 INSTANT_HIT 25.0 500.0 353 -1 4 uzi 60 20 0.51 -0.01 0.20 1 250 1.0 0.68 7 64 7 7 64 7 99 7011 0.05 0.5 1000.0 0.01
$ MP5 INSTANT_HIT 50.0 2000.0 353 -1 4 uzi 120 21 0.51 -0.01 0.20 2 999 1.2 0.67 3 8 3 3 8 3 99 7031 0.05 0.5 1000.0 0.01
$ AK47 INSTANT_HIT 0.0 31.5 355 -1 5 riflebad 30 30 0.78 -0.06 0.13 0 0 0.15 0.66 11 99 11 11 99 11 99 7001 0.05 0.5 1000.0 0.01
$ AK47 INSTANT_HIT 25.0 500.0 355 -1 5 rifle 60 36 0.78 -0.06 0.13 1 200 0.30 0.65 9 64 9 9 64 9 99 7011 0.05 0.5 1000.0 0.01
$ AK47 INSTANT_HIT 50.0 2000.0 355 -1 5 rifle 120 42 0.78 -0.06 0.13 2 999 0.60 0.64 6 8 6 6 8 6 99 7031 0.05 0.5 1000.0 0.01
$ M4 INSTANT_HIT 0.0 31.5 356 -1 5 riflebad 50 30 0.74 -0.04 0.13 0 0 0.20 0.63 11 99 11 11 99 11 99 7001 0.05 0.5 1000.0 0.01
$ M4 INSTANT_HIT 25.0 500.0 356 -1 5 rifle 100 32 0.74 -0.04 0.13 1 200 0.40 0.62 9 64 9 9 64 9 99 7011 0.05 0.5 1000.0 0.01
$ M4 INSTANT_HIT 50.0 2000.0 356 -1 5 rifle 200 36 0.74 -0.04 0.13 2 999 0.80 0.61 6 8 6 6 8 6 99 7031 0.05 0.5 1000.0 0.01
$ COUNTRYRIFLE INSTANT_HIT 100.0 2000.0 357 -1 6 sniper 1 975 0.7 -0.05 0.2 1 300 1.0 0.60 0 2 0 0 2 0 99 A008 0.05 0.5 1000.0 0.01
$ SNIPERRIFLE INSTANT_HIT 100.0 2000.0 358 -1 6 sniper 1 750 0.7 -0.05 0.2 1 300 1.0 0.59 0 2 0 0 2 0 99 A014 0.05 0.5 1000.0 0.01
$ RLAUNCHER PROJECTILE 100.0 2000.0 359 -1 7 rocket 1 675 0.42 0.0 0.05 1 0 1.0 0.58 1 4 1 1 4 1 99 48214 0.05 0.5 1000.0 0.01
$ RLAUNCHER_HS PROJECTILE 100.0 2000.0 360 -1 7 rocket 1 575 0.42 0.0 0.05 1 0 1.0 0.57 1 3 1 1 3 1 99 48214 0.05 0.5 1000.0 0.01
$ FTHROWER AREA_EFFECT 100.0 2000.0 361 -1 7 flame 500 1 0.98 0.0 0.40 1 0 1.0 0.56 0 2 0 0 2 0 99 30238 0.05 0.5 1000.0 0.01
$ MINIGUN INSTANT_HIT 100.0 31.5 362 -1 7 flame 500 20 1.15 0.0 0.40 1 0 0.5 0.55 10 12 10 10 12 10 99 238 0.05 0.5 1000.0 0.01
$ SATCHEL_CHARGE PROJECTILE 100.0 2000.0 363 364 8 grenade 1 475 0.0 0.0 0.0 1 0 1.0 0.54 0 2 0 0 2 0 99 100 0.05 0.5 1000.0 0.01
$ DETONATOR USE 100.0 2000.0 364 -1 12 null 1 0 0.0 0.0 0.13 1 0 1.0 0.53 0 2 0 0 2 0 99 0 0.05 0.5 1000.0 0.01
$ SPRAYCAN AREA_EFFECT 100.0 2000.0 365 -1 9 spraycan 500 1 0.20 0.0 -0.1 1 0 1.0 0.52 0 99 0 0 99 0 99 0431 0.05 0.5 1000.0 0.01
$ EXTINGUISHER AREA_EFFECT 100.0 2000.0 366 -1 9 flame 500 1 0.45 0.10 0.15 1 0 1.0 0.51 0 2 0 0 2 0 99 0038 0.05 0.5 1000.0 0.01
$ CAMERA CAMERA 100.0 2000.0 367 -1 9 rifle 36 0 0.0 -0.0 -0.0 1 0 1.0 0.50 0 2 0 0 2 0 99 4 0.05 0.5 1000.0 0.01
$ NIGHTVISION USE 100.0 2000.0 368 -1 11 goggles 0 0 0.0 -0.0 -0.0 1 0 1.0 0.49 0 2 0 0 2 0 99 0 0.05 0.5 1000.0 0.01
$ INFRARED USE 100.0 2000.0 369 -1 11 goggles 0 0 0.0 -0.0 -0.0 1 0 1.0 0.48 0 2 0 0 2 0 99 0 0.05 0.5 1000.0 0.01
#
# Aim data:
% python 1.0 1.0 1.0 1.0 254 633 254 633
% pythonbad 1.0 1.0 1.0 1.0 254 633 254 633
% colt45 1.0 1.0 1.0 1.0 254 633 254 633
% colt_cop 1.0 1.0 1.0 1.0 254 633 254 633
% colt45pro 1.0 1.0 1.0 1.0 254 633 254 633
% sawnoff 1.0 1.0 1.0 1.0 189 815 254 633
% sawnoffpro 1.0 1.0 1.0 1.0 189 815 254 633
% silenced 1.0 1.0 1.0 1.0 254 633 254 633
% shotgun 1.0 1.0 1.0 1.0 254 726 254 726
% shotgunbad 1.0 1.0 1.0 1.0 254 726 254 726
% buddy 1.0 1.0 1.0 1.0 383 689 271 619
% buddybad 1.0 1.0 1.0 1.0 383 689 271 619
% uzi 1.0 1.0 1.0 1.0 382 933 382 933
% uzibad 1.0 1.0 1.0 1.0 382 933 382 933
% rifle 1.0 1.0 1.0 1.0 380 897 380 897
% riflebad 1.0 1.0 1.0 1.0 380 897 380 897
% sniper 1.0 1.0 1.0 1.0 429 633 429 633
% grenade 1.0 1.0 1.0 1.0 0 0 0 0
% flame 1.0 1.0 1.0 1.0 0 0 0 0
% rocket 1.0 1.0 1.0 1.0 254 633 254 633
% spraycan 1.0 1.0 1.0 1.0 0 0 0 0
